Скорый 1984 6  18 4 16 114 1 5
Пассажирский 1982 6  16 8 46 111 0 11
Скорый 1982 8  13 6 41 118 1 23
Скорый 1983 8  13 7 29 120 1 5
Товарный 1982 6  17 6 22 120 2 9
Пассажирский 1982 7  16 7 54 122 2 4
Пассажирский 1982 8  19 6 43 109 1 22
Скорый 1982 6  14 6 59 120 0 0
Товарный 1984 7  21 5 38 101 2 6
Пассажирский 1983 8  11 9 30 107 1 2
Товарный 1984 8  15 4 4 104 1 11
Скорый 1982 7  14 8 34 110 2 10
Товарный 1984 7  14 4 48 108 2 9
Пассажирский 1984 6  11 7 51 120 1 14
Пассажирский 1984 6  11 9 45 109 1 14
Пассажирский 1984 6  19 9 24 105 1 17
Пассажирский 1984 6  14 6 5 120 0 19
Скорый 1984 6  12 4 58 122 1 22
Скорый 1984 8  14 4 42 101 2 7
Пассажирский 1983 7  16 6 33 123 0 11
Скорый 1983 7  12 6 22 116 2 15
Товарный 1982 8  10 8 4 105 2 0
Товарный 1983 8  16 9 55 104 0 18
Пассажирский 1982 6  13 8 15 113 1 9
Товарный 1984 7  10 5 8 122 0 1
Пассажирский 1982 8  15 4 33 120 0 0
Товарный 1984 6  16 9 18 120 1 12
Скорый 1982 6  15 5 27 117 1 10
Скорый 1982 8  17 8 59 114 2 20
Скорый 1982 8  18 7 33 121 0 3
Товарный 1983 7  15 9 50 118 1 7
Товарный 1982 8  15 7 45 122 0 2
Пассажирский 1984 6  12 7 30 115 2 4
Скорый 1983 6  10 5 21 102 1 12
Скорый 1984 8  16 9 46 109 1 3
Товарный 1982 6  21 4 47 108 1 20
Товарный 1983 7  19 4 47 120 1 13
Скорый 1983 6  19 4 5 101 0 5
Пассажирский 1983 6  14 8 5 99 0 15
Скорый 1983 7  20 4 15 101 0 4
Пассажирский 1984 8  17 7 28 110 2 18
Товарный 1983 7  11 9 21 112 2 9
Пассажирский 1984 7  21 5 12 101 0 15
Товарный 1984 8  21 9 10 101 0 9
Скорый 1984 6  20 4 41 112 2 9
Скорый 1982 8  19 9 57 121 2 9
Товарный 1982 7  20 9 48 111 0 7
Пассажирский 1984 8  19 7 11 117 2 19
Скорый 1983 6  16 4 30 104 0 14
Скорый 1984 7  19 7 4 110 2 20
Скорый 1984 6  19 4 46 113 1 17
Скорый 1983 7  17 5 41 111 2 0
Скорый 1984 6  11 7 11 117 1 6
Пассажирский 1982 6  19 4 28 107 1 3
Пассажирский 1984 6  13 6 36 116 1 3
Товарный 1984 7  14 7 24 100 2 20
Товарный 1982 8  19 4 34 102 1 6
Пассажирский 1982 6  11 5 8 106 0 5
Пассажирский 1982 7  12 4 30 99 2 19
Скорый 1984 7  16 8 30 121 2 17
Скорый 1983 7  13 7 17 117 1 12
Товарный 1982 6  13 4 30 114 2 8
Товарный 1984 6  16 9 21 116 0 14
Скорый 1983 8  16 7 49 119 1 20
Товарный 1983 7  12 8 25 122 2 5
Товарный 1982 8  18 9 24 120 2 16
Пассажирский 1984 8  16 6 58 107 2 14
Пассажирский 1984 6  20 4 3 111 0 17
Скорый 1982 6  13 4 46 111 2 8
Скорый 1982 8  15 6 5 100 1 12
Скорый 1984 8  11 6 46 115 0 10
Скорый 1982 7  14 8 46 122 0 17
Скорый 1984 8  14 9 48 107 0 18
Товарный 1984 7  10 5 31 121 2 21
Пассажирский 1983 8  18 7 57 122 1 20
Товарный 1983 7  16 4 41 106 1 1
Товарный 1982 6  16 7 37 100 0 10
Скорый 1983 8  15 7 59 99 2 17
Товарный 1984 8  10 8 57 110 0 6
Пассажирский 1983 7  13 6 31 113 1 22
Скорый 1983 7  17 7 36 107 2 7
Пассажирский 1984 8  11 7 39 99 1 17
Пассажирский 1982 8  17 4 44 109 0 6
Товарный 1982 7  12 9 46 101 2 15
Пассажирский 1984 6  10 4 17 114 1 0
Товарный 1982 8  10 7 15 108 0 7
Скорый 1983 8  16 4 0 113 1 3
Товарный 1984 6  14 9 39 115 1 3
Скорый 1982 8  21 7 54 107 2 11
Скорый 1984 6  11 5 3 109 0 19
Товарный 1983 7  11 7 2 101 0 15
Скорый 1984 6  20 6 16 118 1 20
Товарный 1984 8  19 9 50 121 2 1
Пассажирский 1984 6  21 7 28 118 0 23
Скорый 1983 6  17 9 25 103 1 6
Скорый 1983 6  21 6 42 106 1 11
Товарный 1984 7  12 8 4 111 2 16
Скорый 1982 6  20 4 1 123 1 0
Скорый 1984 7  18 4 45 112 2 23
Товарный 1984 8  21 8 20 119 1 21
Товарный 1982 7  18 5 58 105 2 2
Товарный 1983 8  19 7 7 123 2 23
Товарный 1984 7  18 7 51 107 0 2
Пассажирский 1983 8  19 7 15 119 2 12
Скорый 1982 8  11 7 10 102 2 22
Пассажирский 1982 8  16 9 20 118 0 8
Скорый 1982 6  14 6 47 111 1 9
Скорый 1982 7  12 7 12 121 0 18
Пассажирский 1984 7  10 7 1 117 2 12
Скорый 1983 7  21 7 21 113 1 1
Скорый 1984 7  12 7 31 108 1 3
Товарный 1984 6  16 8 51 116 0 10
Пассажирский 1983 7  21 6 38 109 2 6
Скорый 1983 8  20 5 43 114 1 6
Товарный 1983 7  12 7 45 108 2 5
Товарный 1982 6  20 4 33 111 1 9
Пассажирский 1983 7  16 6 13 109 1 4
Товарный 1982 7  11 6 55 109 0 12
Пассажирский 1982 8  18 6 24 118 0 3
Товарный 1984 8  17 6 57 122 1 21
Скорый 1984 8  12 4 57 107 2 16
Товарный 1983 7  14 7 20 119 1 4
Скорый 1983 8  14 8 51 119 0 23
Товарный 1982 7  17 7 42 100 0 4
Скорый 1982 8  18 8 58 117 1 18
Товарный 1982 6  14 7 5 105 2 9
Скорый 1983 6  10 4 15 99 1 9
Товарный 1982 6  11 9 15 104 0 15
Товарный 1984 7  14 6 11 123 2 21
Товарный 1983 7  19 6 34 115 1 12
Товарный 1983 7  20 4 46 102 0 7
Скорый 1982 6  15 8 11 99 1 6
Товарный 1982 7  20 5 55 103 2 3
Пассажирский 1982 7  12 8 4 115 2 15
Скорый 1982 8  20 7 32 121 0 21
Скорый 1982 8  15 7 23 100 1 15
Скорый 1984 7  18 4 47 118 2 22
Пассажирский 1984 6  14 5 20 117 0 16
Пассажирский 1982 8  13 9 29 110 2 23
Товарный 1983 7  11 6 47 115 0 3
Пассажирский 1983 7  21 6 0 118 1 8
Товарный 1984 7  10 5 23 111 1 16
Скорый 1982 7  15 7 7 122 1 13
Скорый 1983 8  12 4 12 117 2 16
Скорый 1983 8  12 9 48 108 1 3
Пассажирский 1983 6  19 6 12 113 1 11
Товарный 1984 7  12 4 17 99 2 7
Товарный 1984 6  19 6 10 107 2 5
Пассажирский 1982 7  14 7 14 106 1 12
Скорый 1984 8  19 9 26 121 2 17
Товарный 1983 6  17 9 4 118 2 11
Скорый 1984 6  20 9 49 113 1 18
Товарный 1983 7  12 4 33 113 2 21
Товарный 1982 8  17 6 9 101 2 14
Пассажирский 1984 6  12 7 29 112 0 12
Пассажирский 1982 8  17 8 7 118 0 8
Пассажирский 1982 7  12 4 38 99 1 1
Товарный 1984 6  11 4 58 111 0 14
Скорый 1983 6  16 9 51 103 0 12
Товарный 1982 8  15 9 1 105 1 16
Товарный 1984 7  16 4 27 100 2 13
Товарный 1982 7  20 4 21 119 2 12
Скорый 1984 8  17 5 11 99 0 13
Скорый 1982 6  20 4 40 113 2 23
Пассажирский 1982 7  17 7 54 118 2 4
Товарный 1984 8  17 4 11 120 1 12
Скорый 1983 6  12 5 17 121 0 11
Товарный 1983 7  17 5 2 122 2 17
Скорый 1982 7  13 6 54 118 2 2
Товарный 1983 6  12 4 4 104 1 14
Товарный 1984 8  12 6 28 102 1 13
Скорый 1982 7  19 9 45 100 2 4
Скорый 1983 6  14 8 34 107 1 12
Товарный 1982 8  21 6 6 107 2 5
Пассажирский 1982 7  18 8 37 112 0 20
Скорый 1983 6  13 5 45 117 2 7
Пассажирский 1983 8  10 7 23 114 0 23
Скорый 1983 8  16 8 26 109 1 8
Скорый 1984 6  18 8 52 102 1 20
Пассажирский 1983 8  20 4 12 121 2 4
Товарный 1982 7  20 5 37 123 1 23
Пассажирский 1984 6  10 7 39 107 1 15
Пассажирский 1983 6  12 7 48 111 0 10
Пассажирский 1982 7  17 7 11 105 1 3
Пассажирский 1982 8  21 5 8 119 0 18
Пассажирский 1984 8  15 5 53 102 0 2
Товарный 1984 8  10 7 48 112 1 14
Скорый 1983 7  14 6 44 104 0 16
Скорый 1984 8  19 8 53 115 0 5
Пассажирский 1982 7  16 6 16 106 1 22
Пассажирский 1983 7  14 5 5 107 0 10
Скорый 1982 6  11 8 0 107 2 15
Товарный 1982 7  12 9 19 99 0 6
Пассажирский 1983 7  19 4 48 109 1 16
Товарный 1983 8  18 6 18 102 0 2
Пассажирский 1982 7  19 6 50 107 0 21
Пассажирский 1984 6  18 4 10 105 2 11
Товарный 1983 8  12 7 23 99 2 13
Пассажирский 1984 8  18 4 6 104 1 21
Пассажирский 1984 7  19 4 43 123 2 10
