Пассажирский 1982 6 10 4 13 100 2 19
Пассажирский 1982 6 10 4 37 101 1 12
Пассажирский 1982 6 10 5 33 101 1 9
Скорый 1982 6 10 7 29 109 0 11
Товарный 1982 6 10 8 1 123 1 18
Пассажирский 1982 6 10 8 50 106 1 22
Товарный 1982 6 11 4 24 113 2 14
Пассажирский 1982 6 11 5 6 107 1 6
Товарный 1982 6 11 7 4 103 0 20
Скорый 1982 6 11 7 5 101 0 10
Товарный 1982 6 11 7 38 121 2 11
Скорый 1982 6 11 7 39 119 2 10
Пассажирский 1982 6 11 9 59 120 2 19
Товарный 1982 6 12 4 14 117 0 3
Пассажирский 1982 6 12 4 17 102 2 18
Товарный 1982 6 12 5 45 110 1 0
Пассажирский 1982 6 12 6 21 105 1 9
Пассажирский 1982 6 12 6 28 105 0 11
Товарный 1982 6 12 6 32 118 1 0
Товарный 1982 6 12 6 58 114 0 16
Пассажирский 1982 6 12 7 2 103 2 15
Товарный 1982 6 12 7 3 107 2 19
Товарный 1982 6 12 7 51 117 1 17
Товарный 1982 6 12 8 18 99 0 9
Пассажирский 1982 6 13 4 9 103 0 5
Скорый 1982 6 13 4 13 120 2 19
Пассажирский 1982 6 13 6 54 114 1 15
Товарный 1982 6 13 7 8 103 2 6
Пассажирский 1982 6 13 7 36 112 1 9
Скорый 1982 6 13 7 50 121 0 9
Пассажирский 1982 6 13 8 2 101 0 15
Товарный 1982 6 13 8 53 109 2 1
Скорый 1982 6 13 9 0 107 0 2
Пассажирский 1982 6 13 9 18 108 1 13
Товарный 1982 6 13 9 27 113 1 8
Товарный 1982 6 13 9 45 101 2 1
Товарный 1982 6 14 5 1 121 1 10
Товарный 1982 6 14 6 34 107 1 8
Пассажирский 1982 6 14 6 37 107 1 5
Товарный 1982 6 14 6 43 120 1 19
Скорый 1982 6 14 7 26 105 0 2
Товарный 1982 6 14 8 3 108 2 0
Пассажирский 1982 6 14 8 46 103 0 9
Товарный 1982 6 14 9 19 122 2 14
Пассажирский 1982 6 14 9 52 107 0 4
Пассажирский 1982 6 15 4 54 121 2 10
Товарный 1982 6 15 5 16 102 2 2
Товарный 1982 6 15 6 33 102 0 18
Товарный 1982 6 15 7 34 121 1 2
Пассажирский 1982 6 15 8 7 104 0 0
Скорый 1982 6 15 8 21 110 0 0
Пассажирский 1982 6 15 8 45 123 1 7
Товарный 1982 6 15 9 32 121 1 12
Скорый 1982 6 15 9 36 109 2 1
Товарный 1982 6 15 9 36 114 2 12
Скорый 1982 6 16 4 11 115 0 6
Товарный 1982 6 16 4 42 99 0 18
Товарный 1982 6 16 4 46 114 1 1
Товарный 1982 6 16 5 4 114 1 18
Скорый 1982 6 16 5 43 118 0 18
Пассажирский 1982 6 16 6 31 121 1 23
Пассажирский 1982 6 16 7 24 108 1 13
Пассажирский 1982 6 16 7 50 104 1 23
Скорый 1982 6 16 7 51 114 1 5
Пассажирский 1982 6 16 8 17 116 0 17
Товарный 1982 6 16 8 26 106 2 17
Пассажирский 1982 6 16 8 49 115 1 17
Пассажирский 1982 6 16 9 34 114 0 11
Пассажирский 1982 6 17 4 1 108 2 11
Скорый 1982 6 17 4 7 122 0 23
Товарный 1982 6 17 4 15 99 1 21
Пассажирский 1982 6 17 4 51 101 2 13
Пассажирский 1982 6 17 7 32 101 0 18
Товарный 1982 6 17 8 16 115 0 19
Скорый 1982 6 17 9 7 121 1 13
Пассажирский 1982 6 17 9 11 113 1 7
Скорый 1982 6 17 9 14 120 1 11
Скорый 1982 6 17 9 33 114 2 7
Скорый 1982 6 17 9 40 99 1 17
Товарный 1982 6 17 9 50 122 1 4
Товарный 1982 6 17 9 59 120 1 16
Скорый 1982 6 18 4 47 121 1 13
Скорый 1982 6 18 6 9 119 1 22
Скорый 1982 6 18 6 44 104 1 7
Скорый 1982 6 18 7 8 118 0 17
Пассажирский 1982 6 18 8 15 102 1 23
Товарный 1982 6 18 9 43 103 2 16
Товарный 1982 6 19 4 39 106 0 3
Пассажирский 1982 6 19 5 7 103 0 2
Пассажирский 1982 6 19 7 38 119 2 14
Скорый 1982 6 19 8 5 108 2 16
Пассажирский 1982 6 19 8 8 107 0 14
Товарный 1982 6 19 8 14 121 1 3
Товарный 1982 6 19 8 40 117 1 7
Товарный 1982 6 20 4 13 123 0 4
Товарный 1982 6 20 4 42 104 2 19
Пассажирский 1982 6 20 5 36 119 2 1
Товарный 1982 6 20 5 39 106 1 1
Скорый 1982 6 20 5 50 112 0 21
Скорый 1982 6 20 7 52 106 2 19
Пассажирский 1982 6 20 8 41 123 1 16
Товарный 1982 6 20 9 9 101 1 14
Пассажирский 1982 6 21 4 34 110 2 18
Товарный 1982 6 21 5 32 118 1 2
Товарный 1982 6 21 6 9 109 1 11
Скорый 1982 6 21 7 20 122 0 4
Скорый 1982 6 21 8 54 121 0 12
Пассажирский 1982 6 21 9 32 121 1 20
Скорый 1982 6 21 9 36 109 0 21
Скорый 1982 6 21 9 59 102 2 18
Скорый 1982 7 10 4 47 120 1 17
Товарный 1982 7 10 6 5 112 2 19
Пассажирский 1982 7 10 6 44 119 1 13
Пассажирский 1982 7 10 6 58 101 2 1
Товарный 1982 7 10 7 51 107 0 9
Товарный 1982 7 10 8 2 116 2 9
Скорый 1982 7 10 8 21 99 2 5
Скорый 1982 7 10 8 23 113 0 11
Товарный 1982 7 10 8 34 99 0 9
Товарный 1982 7 10 8 51 108 1 22
Скорый 1982 7 10 9 8 103 2 15
Пассажирский 1982 7 10 9 29 109 2 20
Товарный 1982 7 10 9 42 118 2 1
Товарный 1982 7 10 9 46 107 1 22
Пассажирский 1982 7 11 4 2 118 0 17
Пассажирский 1982 7 11 5 57 100 2 6
Скорый 1982 7 11 6 43 120 1 16
Товарный 1982 7 11 7 57 114 1 2
Скорый 1982 7 11 8 6 110 1 2
Скорый 1982 7 11 8 29 99 1 7
Пассажирский 1982 7 11 9 37 102 1 10
Товарный 1982 7 11 9 38 109 1 8
Пассажирский 1982 7 12 6 20 109 2 13
Скорый 1982 7 12 6 33 120 2 18
Пассажирский 1982 7 12 7 3 115 0 18
Товарный 1982 7 12 7 55 103 0 17
Скорый 1982 7 12 8 41 121 0 12
Пассажирский 1982 7 13 4 50 113 2 19
Скорый 1982 7 13 9 4 105 0 10
Пассажирский 1982 7 13 9 28 118 1 3
Скорый 1982 7 13 9 50 101 2 7
Товарный 1982 7 14 4 16 101 2 6
Товарный 1982 7 14 4 40 109 2 12
Товарный 1982 7 14 4 52 106 1 4
Товарный 1982 7 14 5 28 122 0 7
Товарный 1982 7 14 5 38 109 2 7
Скорый 1982 7 14 5 50 117 2 18
Скорый 1982 7 14 6 46 115 0 7
Скорый 1982 7 14 7 40 106 2 0
Пассажирский 1982 7 14 7 47 117 0 8
Скорый 1982 7 14 7 59 104 0 22
Скорый 1982 7 14 8 55 114 0 6
Товарный 1982 7 14 8 57 122 2 23
Пассажирский 1982 7 14 9 13 108 0 23
Пассажирский 1982 7 14 9 26 113 1 14
Скорый 1982 7 14 9 32 118 1 13
Пассажирский 1982 7 15 4 36 107 0 17
Скорый 1982 7 15 5 13 114 1 1
Скорый 1982 7 15 5 40 112 0 2
Товарный 1982 7 15 6 52 116 2 5
Скорый 1982 7 15 7 12 109 0 15
Пассажирский 1982 7 15 7 16 107 2 7
Скорый 1982 7 15 7 19 107 2 14
Скорый 1982 7 15 7 47 112 2 8
Скорый 1982 7 15 8 35 100 2 20
Скорый 1982 7 15 8 37 120 2 20
Скорый 1982 7 15 9 26 105 2 6
Пассажирский 1982 7 16 4 13 99 0 1
Товарный 1982 7 16 4 18 108 0 18
Пассажирский 1982 7 16 4 40 115 2 0
Скорый 1982 7 16 5 6 122 0 12
Товарный 1982 7 16 5 30 120 2 23
Товарный 1982 7 16 6 5 119 2 14
Скорый 1982 7 16 6 16 118 0 11
Пассажирский 1982 7 16 6 46 112 0 15
Пассажирский 1982 7 16 7 25 117 0 16
Пассажирский 1982 7 16 7 29 107 0 4
Товарный 1982 7 16 7 36 123 0 14
Товарный 1982 7 16 8 17 111 2 23
Скорый 1982 7 16 8 52 99 2 22
Скорый 1982 7 16 9 4 107 0 21
Товарный 1982 7 16 9 26 101 1 6
Товарный 1982 7 16 9 52 121 2 0
Пассажирский 1982 7 16 9 53 116 2 12
Скорый 1982 7 17 4 26 110 0 21
Товарный 1982 7 17 5 15 114 2 12
Товарный 1982 7 17 7 2 99 1 17
Скорый 1982 7 17 8 55 116 0 10
Товарный 1982 7 17 8 57 105 2 4
Пассажирский 1982 7 17 9 40 100 2 14
Товарный 1982 7 17 9 55 123 2 11
Пассажирский 1982 7 17 9 59 120 1 20
Скорый 1982 7 18 6 28 116 2 16
Пассажирский 1982 7 18 6 45 119 1 19
Пассажирский 1982 7 18 8 31 105 0 17
Товарный 1982 7 18 8 36 105 1 6
Товарный 1982 7 18 9 19 99 1 8
Скорый 1982 7 19 4 23 123 2 19
Пассажирский 1982 7 19 5 13 106 2 10
Пассажирский 1982 7 19 5 45 115 2 14
Товарный 1982 7 19 5 53 102 2 2
Товарный 1982 7 19 9 14 114 2 9
Скорый 1982 7 20 4 27 122 1 15
Пассажирский 1982 7 20 4 46 120 1 23
Скорый 1982 7 20 5 16 123 1 11
Товарный 1982 7 20 5 20 104 1 2
Товарный 1982 7 20 5 43 110 0 16
Скорый 1982 7 20 6 28 102 2 17
Пассажирский 1982 7 20 7 1 108 2 21
Пассажирский 1982 7 20 7 6 99 2 12
Пассажирский 1982 7 20 7 53 123 0 23
Товарный 1982 7 20 8 58 113 2 13
Скорый 1982 7 20 9 30 115 2 15
Пассажирский 1982 7 21 4 19 113 0 1
Товарный 1982 7 21 5 34 103 0 18
Скорый 1982 7 21 5 34 103 1 12
Скорый 1982 7 21 5 57 103 0 5
Пассажирский 1982 7 21 6 57 115 1 2
Товарный 1982 7 21 8 7 114 1 19
Скорый 1982 7 21 8 9 101 2 1
Скорый 1982 7 21 9 8 107 1 2
Скорый 1982 7 21 9 39 115 0 1
Пассажирский 1982 7 21 9 48 100 1 19
Товарный 1982 8 10 4 32 115 1 15
Товарный 1982 8 10 4 41 114 0 15
Товарный 1982 8 10 5 24 103 0 0
Товарный 1982 8 10 5 27 99 2 1
Товарный 1982 8 10 6 25 112 2 18
Пассажирский 1982 8 10 6 50 105 1 11
Пассажирский 1982 8 10 7 6 100 1 3
Товарный 1982 8 10 7 28 99 2 13
Товарный 1982 8 10 7 50 112 1 17
Скорый 1982 8 10 8 39 117 1 16
Скорый 1982 8 10 9 12 107 2 21
Пассажирский 1982 8 10 9 36 105 2 13
Товарный 1982 8 10 9 38 119 1 9
Пассажирский 1982 8 10 9 52 112 0 4
Скорый 1982 8 11 4 12 123 2 11
Пассажирский 1982 8 11 4 24 116 2 12
Пассажирский 1982 8 11 5 14 99 1 9
Пассажирский 1982 8 11 5 26 103 1 1
Пассажирский 1982 8 11 5 31 103 1 4
Товарный 1982 8 11 5 40 120 0 1
Товарный 1982 8 11 6 28 107 0 4
Скорый 1982 8 11 6 46 118 0 10
Скорый 1982 8 11 8 22 106 0 11
Скорый 1982 8 11 9 0 117 0 17
Пассажирский 1982 8 11 9 45 106 2 6
Скорый 1982 8 12 4 57 115 1 10
Товарный 1982 8 12 5 31 102 2 6
Скорый 1982 8 12 7 11 108 2 16
Скорый 1982 8 12 7 13 106 2 16
Пассажирский 1982 8 12 8 13 99 1 8
Товарный 1982 8 12 8 39 101 1 18
Пассажирский 1982 8 12 9 28 122 0 18
Пассажирский 1982 8 12 9 29 117 0 12
Скорый 1982 8 13 4 20 100 1 3
Скорый 1982 8 13 4 38 104 2 15
Скорый 1982 8 13 6 17 108 1 14
Скорый 1982 8 13 7 23 114 2 6
Товарный 1982 8 13 9 12 106 0 12
Пассажирский 1982 8 13 9 36 113 1 5
Скорый 1982 8 14 5 47 108 0 14
Пассажирский 1982 8 14 6 35 102 0 2
Пассажирский 1982 8 14 7 0 107 1 2
Товарный 1982 8 14 7 18 112 2 1
Товарный 1982 8 14 7 28 103 2 18
Пассажирский 1982 8 14 8 4 104 2 11
Пассажирский 1982 8 14 8 56 118 1 16
Скорый 1982 8 14 9 51 99 1 6
Пассажирский 1982 8 14 9 53 109 1 10
Товарный 1982 8 15 4 57 108 1 21
Скорый 1982 8 15 5 31 123 0 19
Товарный 1982 8 15 5 50 105 0 12
Скорый 1982 8 15 6 50 120 0 13
Товарный 1982 8 15 8 44 119 0 9
Товарный 1982 8 15 9 46 123 2 2
Пассажирский 1982 8 15 9 54 103 1 5
Товарный 1982 8 16 4 35 100 1 6
Скорый 1982 8 16 5 29 105 2 19
Товарный 1982 8 16 5 35 102 2 4
Товарный 1982 8 16 8 28 107 0 16
Пассажирский 1982 8 16 8 53 116 0 10
Скорый 1982 8 16 9 17 109 1 20
Товарный 1982 8 16 9 17 111 1 0
Товарный 1982 8 16 9 35 116 0 17
Скорый 1982 8 16 9 37 113 1 8
Товарный 1982 8 17 4 13 121 1 16
Пассажирский 1982 8 17 4 18 111 1 7
Товарный 1982 8 17 5 40 121 1 23
Пассажирский 1982 8 17 5 45 113 2 7
Товарный 1982 8 17 5 47 101 0 20
Товарный 1982 8 17 6 26 122 2 21
Скорый 1982 8 17 7 35 118 1 21
Пассажирский 1982 8 17 8 54 119 1 11
Пассажирский 1982 8 17 9 23 110 0 7
Товарный 1982 8 18 4 34 120 2 3
Товарный 1982 8 18 5 4 120 2 11
Пассажирский 1982 8 18 5 5 112 0 19
Товарный 1982 8 18 6 22 110 1 23
Товарный 1982 8 18 6 27 117 0 14
Скорый 1982 8 18 6 58 102 1 20
Товарный 1982 8 18 8 5 109 0 4
Товарный 1982 8 18 8 24 117 0 1
Скорый 1982 8 18 9 14 109 2 23
Товарный 1982 8 18 9 49 102 2 12
Скорый 1982 8 19 4 7 107 0 15
Пассажирский 1982 8 19 6 4 115 2 2
Скорый 1982 8 19 8 4 118 2 13
Товарный 1982 8 19 8 14 115 2 22
Скорый 1982 8 19 8 22 101 1 15
Скорый 1982 8 19 8 24 116 0 3
Пассажирский 1982 8 19 8 46 107 1 4
Пассажирский 1982 8 19 8 59 115 0 14
Пассажирский 1982 8 19 9 58 120 1 17
Пассажирский 1982 8 20 4 3 109 0 3
Товарный 1982 8 20 5 8 106 1 4
Товарный 1982 8 20 5 26 123 1 19
Пассажирский 1982 8 20 5 38 123 1 20
Пассажирский 1982 8 20 6 1 115 0 19
Пассажирский 1982 8 20 6 32 103 1 4
Скорый 1982 8 20 8 34 100 1 16
Товарный 1982 8 20 8 58 117 0 1
Пассажирский 1982 8 20 9 26 107 2 23
Скорый 1982 8 20 9 45 114 2 15
Скорый 1982 8 21 4 27 107 2 22
Пассажирский 1982 8 21 5 37 113 2 8
Товарный 1982 8 21 6 52 111 1 10
Скорый 1982 8 21 7 35 100 0 16
Скорый 1982 8 21 8 27 109 1 5
Скорый 1982 8 21 8 49 99 1 22
Скорый 1982 8 21 9 6 105 0 11
Товарный 1982 8 21 9 38 103 2 22
Пассажирский 1982 8 21 9 56 101 2 3
Скорый 1983 6 10 4 2 112 1 5
Товарный 1983 6 10 5 4 116 2 18
Скорый 1983 6 10 5 33 109 0 9
Пассажирский 1983 6 10 7 0 115 0 4
Товарный 1983 6 10 8 15 114 2 20
Скорый 1983 6 10 8 46 111 2 13
Скорый 1983 6 10 9 35 103 1 14
Товарный 1983 6 11 4 57 108 2 17
Пассажирский 1983 6 11 5 34 116 0 11
Скорый 1983 6 11 5 51 110 0 4
Скорый 1983 6 11 6 16 109 0 6
Товарный 1983 6 11 6 20 107 2 2
Скорый 1983 6 11 6 36 111 1 20
Товарный 1983 6 11 7 1 104 1 18
Скорый 1983 6 11 7 21 106 2 9
Скорый 1983 6 11 7 39 117 0 7
Товарный 1983 6 11 9 2 99 1 20
Товарный 1983 6 11 9 12 121 0 12
Скорый 1983 6 11 9 20 108 0 14
Скорый 1983 6 12 4 5 116 2 10
Товарный 1983 6 12 4 20 101 2 14
Скорый 1983 6 12 4 47 109 1 5
Пассажирский 1983 6 12 6 0 99 2 1
Пассажирский 1983 6 12 6 11 115 0 9
Товарный 1983 6 12 6 43 103 0 2
Товарный 1983 6 12 7 26 99 2 22
Скорый 1983 6 12 7 49 108 0 10
Пассажирский 1983 6 12 7 53 102 1 0
Пассажирский 1983 6 12 8 28 111 2 20
Скорый 1983 6 12 9 0 105 1 23
Скорый 1983 6 12 9 45 103 2 4
Скорый 1983 6 13 4 12 119 2 20
Скорый 1983 6 13 5 32 121 1 17
Товарный 1983 6 13 7 47 116 0 5
Скорый 1983 6 13 8 58 101 1 16
Пассажирский 1983 6 13 9 7 111 0 6
Товарный 1983 6 13 9 8 106 0 18
Товарный 1983 6 14 4 3 120 1 18
Товарный 1983 6 14 6 39 114 2 7
Скорый 1983 6 14 8 24 100 2 9
Товарный 1983 6 14 9 11 110 0 20
Товарный 1983 6 14 9 55 111 0 13
Товарный 1983 6 15 4 5 104 0 7
Скорый 1983 6 15 7 9 106 1 11
Пассажирский 1983 6 15 7 57 103 2 8
Скорый 1983 6 16 4 45 107 0 20
Пассажирский 1983 6 16 5 3 120 2 2
Пассажирский 1983 6 16 5 6 117 0 14
Скорый 1983 6 16 6 8 106 2 10
Товарный 1983 6 16 6 27 115 0 23
Пассажирский 1983 6 16 7 4 107 2 18
Товарный 1983 6 16 7 39 116 0 1
Пассажирский 1983 6 16 7 45 111 0 10
Товарный 1983 6 16 8 38 111 1 13
Пассажирский 1983 6 16 9 12 113 2 10
Скорый 1983 6 16 9 17 101 0 10
Скорый 1983 6 17 5 27 111 1 11
Товарный 1983 6 17 5 47 109 2 9
Скорый 1983 6 17 6 28 110 0 7
Товарный 1983 6 17 8 28 105 1 8
Товарный 1983 6 17 8 55 112 1 20
Скорый 1983 6 17 9 55 108 2 1
Товарный 1983 6 17 9 57 104 2 2
Пассажирский 1983 6 18 4 31 116 2 19
Пассажирский 1983 6 18 6 45 107 2 15
Товарный 1983 6 18 8 29 102 0 19
Пассажирский 1983 6 18 9 23 118 0 2
Скорый 1983 6 19 4 26 105 2 13
Пассажирский 1983 6 19 4 31 106 0 4
Пассажирский 1983 6 19 4 44 118 0 18
Пассажирский 1983 6 19 4 51 123 0 15
Товарный 1983 6 19 6 4 116 1 18
Товарный 1983 6 19 6 21 121 2 5
Скорый 1983 6 19 6 43 115 0 9
Товарный 1983 6 19 6 51 105 1 9
Пассажирский 1983 6 19 7 12 116 0 11
Скорый 1983 6 19 7 29 112 2 3
Товарный 1983 6 19 8 11 100 0 3
Пассажирский 1983 6 19 9 28 117 2 23
Скорый 1983 6 20 4 3 117 1 9
Товарный 1983 6 20 5 57 106 2 20
Товарный 1983 6 20 6 14 118 1 22
Скорый 1983 6 20 7 1 99 2 12
Скорый 1983 6 20 7 48 119 2 20
Скорый 1983 6 20 8 15 118 0 9
Пассажирский 1983 6 21 6 6 100 0 14
Пассажирский 1983 6 21 8 8 106 0 6
Скорый 1983 6 21 8 33 106 2 8
Товарный 1983 6 21 9 37 116 1 20
Скорый 1983 7 10 5 16 102 2 18
Пассажирский 1983 7 10 5 31 114 0 16
Товарный 1983 7 10 6 38 99 2 18
Пассажирский 1983 7 10 6 42 113 0 19
Пассажирский 1983 7 10 7 39 108 0 12
Пассажирский 1983 7 10 8 41 119 2 1
Пассажирский 1983 7 10 8 49 100 2 20
Пассажирский 1983 7 10 9 48 117 2 14
Пассажирский 1983 7 11 4 28 108 2 18
Пассажирский 1983 7 11 4 53 120 2 7
Пассажирский 1983 7 11 5 35 119 1 13
Скорый 1983 7 11 9 25 105 2 5
Пассажирский 1983 7 12 4 44 104 1 20
Скорый 1983 7 12 5 0 104 0 21
Пассажирский 1983 7 12 5 21 121 0 7
Скорый 1983 7 12 5 28 105 2 11
Скорый 1983 7 12 5 34 115 1 23
Скорый 1983 7 12 6 20 112 2 8
Товарный 1983 7 12 6 34 122 1 2
Пассажирский 1983 7 12 7 27 101 1 7
Пассажирский 1983 7 12 7 30 103 2 5
Пассажирский 1983 7 12 7 53 101 1 7
Скорый 1983 7 12 8 8 102 1 1
Пассажирский 1983 7 12 8 33 116 2 20
Пассажирский 1983 7 13 4 50 100 0 11
Скорый 1983 7 13 5 5 101 2 23
Пассажирский 1983 7 13 5 28 111 0 12
Скорый 1983 7 13 5 35 111 1 21
Скорый 1983 7 13 7 15 111 2 22
Товарный 1983 7 13 7 47 109 2 15
Скорый 1983 7 13 8 6 114 1 4
Товарный 1983 7 13 8 14 123 2 10
Товарный 1983 7 13 8 16 113 2 8
Товарный 1983 7 13 9 2 108 2 10
Товарный 1983 7 13 9 53 118 0 16
Пассажирский 1983 7 14 4 7 116 1 7
Товарный 1983 7 14 6 31 115 0 16
Товарный 1983 7 14 7 2 119 1 22
Товарный 1983 7 14 7 20 121 2 2
Товарный 1983 7 14 7 21 101 0 14
Пассажирский 1983 7 14 8 10 101 0 23
Товарный 1983 7 14 8 13 109 1 3
Товарный 1983 7 14 8 39 108 0 7
Товарный 1983 7 14 8 48 117 1 18
Скорый 1983 7 14 8 55 113 0 21
Товарный 1983 7 15 4 3 106 2 5
Пассажирский 1983 7 15 4 17 111 1 12
Пассажирский 1983 7 15 4 55 100 0 22
Пассажирский 1983 7 15 5 36 109 0 2
Товарный 1983 7 15 6 47 121 1 23
Пассажирский 1983 7 15 9 48 114 2 15
Скорый 1983 7 16 4 25 123 1 14
Пассажирский 1983 7 16 4 29 101 0 23
Пассажирский 1983 7 16 4 35 99 0 1
Товарный 1983 7 16 4 44 108 0 20
Пассажирский 1983 7 16 4 54 121 0 10
Товарный 1983 7 16 5 24 110 2 21
Товарный 1983 7 16 5 34 111 1 13
Пассажирский 1983 7 16 6 12 99 0 11
Товарный 1983 7 16 6 50 100 0 18
Товарный 1983 7 16 8 43 108 1 12
Пассажирский 1983 7 16 8 54 108 2 9
Пассажирский 1983 7 16 9 5 121 1 9
Товарный 1983 7 16 9 23 104 0 10
Скорый 1983 7 17 5 0 106 1 22
Скорый 1983 7 17 6 4 112 1 20
Скорый 1983 7 17 7 41 112 1 2
Пассажирский 1983 7 17 8 27 99 2 6
Товарный 1983 7 17 8 59 104 0 21
Товарный 1983 7 17 9 28 99 0 1
Скорый 1983 7 17 9 42 122 2 2
Пассажирский 1983 7 17 9 53 109 0 7
Пассажирский 1983 7 18 5 38 104 0 17
Пассажирский 1983 7 18 6 37 107 1 23
Товарный 1983 7 18 6 45 103 1 19
Пассажирский 1983 7 18 6 52 105 2 12
Скорый 1983 7 18 7 13 105 0 16
Пассажирский 1983 7 18 7 27 119 0 19
Пассажирский 1983 7 18 8 13 101 2 3
Товарный 1983 7 18 8 22 112 2 10
Пассажирский 1983 7 19 5 1 103 0 4
Пассажирский 1983 7 19 5 12 108 1 11
Скорый 1983 7 19 6 32 102 1 21
Пассажирский 1983 7 19 6 46 122 0 4
Товарный 1983 7 19 7 34 121 2 6
Товарный 1983 7 19 7 45 101 2 16
Товарный 1983 7 19 8 29 101 1 13
Скорый 1983 7 19 8 57 114 2 15
Товарный 1983 7 19 9 20 114 0 13
Скорый 1983 7 19 9 46 113 0 12
Скорый 1983 7 20 5 55 115 0 23
Скорый 1983 7 20 6 6 109 1 10
Пассажирский 1983 7 20 6 23 104 0 10
Скорый 1983 7 20 6 55 123 2 0
Товарный 1983 7 20 7 27 109 0 6
Товарный 1983 7 20 8 12 104 1 5
Пассажирский 1983 7 20 8 39 109 1 3
Пассажирский 1983 7 20 9 32 106 1 1
Товарный 1983 7 21 4 13 100 1 22
Скорый 1983 7 21 4 48 117 1 5
Товарный 1983 7 21 5 36 114 2 11
Скорый 1983 7 21 6 3 112 2 8
Пассажирский 1983 7 21 6 36 105 2 19
Скорый 1983 7 21 7 14 112 2 6
Пассажирский 1983 7 21 7 36 114 1 1
Скорый 1983 7 21 7 37 102 0 20
Пассажирский 1983 7 21 8 3 109 0 15
Пассажирский 1983 7 21 8 5 114 2 5
Пассажирский 1983 7 21 8 16 115 1 0
Скорый 1983 7 21 8 21 107 0 20
Скорый 1983 7 21 8 58 106 0 17
Пассажирский 1983 7 21 9 48 107 0 20
Товарный 1983 7 21 9 59 106 0 6
Товарный 1983 8 10 4 36 109 1 17
Товарный 1983 8 10 5 44 103 1 20
Скорый 1983 8 10 6 33 114 0 0
Пассажирский 1983 8 10 6 54 118 1 12
Товарный 1983 8 10 7 11 111 2 17
Пассажирский 1983 8 10 8 29 99 0 23
Пассажирский 1983 8 10 8 56 109 1 11
Товарный 1983 8 10 9 45 113 0 14
Товарный 1983 8 11 6 33 111 2 8
Пассажирский 1983 8 11 8 25 110 2 6
Скорый 1983 8 11 8 25 121 2 14
Скорый 1983 8 11 9 27 114 0 0
Скорый 1983 8 12 4 36 112 1 23
Товарный 1983 8 12 5 38 102 0 9
Пассажирский 1983 8 12 5 54 101 0 3
Товарный 1983 8 12 6 2 110 0 23
Товарный 1983 8 12 6 47 107 2 15
Скорый 1983 8 12 6 58 105 2 10
Товарный 1983 8 12 7 45 114 1 23
Товарный 1983 8 12 8 4 120 2 1
Товарный 1983 8 12 8 11 114 2 17
Пассажирский 1983 8 13 4 14 111 2 20
Товарный 1983 8 13 4 35 116 2 19
Скорый 1983 8 13 4 44 99 2 7
Товарный 1983 8 13 5 38 103 1 12
Скорый 1983 8 13 5 55 122 1 23
Товарный 1983 8 13 6 21 120 1 21
Пассажирский 1983 8 13 6 31 114 1 19
Пассажирский 1983 8 13 6 55 107 1 19
Товарный 1983 8 13 8 1 105 2 17
Товарный 1983 8 13 8 19 122 0 10
Пассажирский 1983 8 13 8 33 105 2 19
Пассажирский 1983 8 13 9 56 101 0 9
Скорый 1983 8 14 4 36 122 1 20
Пассажирский 1983 8 14 4 57 118 2 10
Скорый 1983 8 14 4 59 121 0 7
Пассажирский 1983 8 14 5 3 114 1 21
Скорый 1983 8 14 5 4 110 1 12
Скорый 1983 8 14 5 32 99 1 14
Товарный 1983 8 14 6 20 114 2 21
Пассажирский 1983 8 14 7 0 99 1 19
Товарный 1983 8 14 7 9 119 1 0
Пассажирский 1983 8 14 7 55 108 0 10
Товарный 1983 8 14 8 45 121 0 17
Пассажирский 1983 8 14 9 54 118 2 14
Товарный 1983 8 15 4 15 106 1 0
Скорый 1983 8 15 5 35 100 0 11
Пассажирский 1983 8 15 5 41 110 1 6
Пассажирский 1983 8 15 6 6 120 1 19
Скорый 1983 8 15 6 17 100 0 21
Товарный 1983 8 15 7 11 100 2 3
Скорый 1983 8 15 7 23 100 2 7
Пассажирский 1983 8 15 7 27 115 2 15
Пассажирский 1983 8 15 7 36 111 0 12
Товарный 1983 8 15 7 48 110 0 6
Пассажирский 1983 8 15 7 48 118 1 17
Скорый 1983 8 15 8 42 106 1 9
Скорый 1983 8 15 8 50 99 0 23
Товарный 1983 8 15 8 56 105 1 3
Скорый 1983 8 15 9 13 101 2 5
Товарный 1983 8 16 4 32 103 0 0
Скорый 1983 8 16 4 56 110 1 21
Пассажирский 1983 8 16 6 22 113 2 12
Пассажирский 1983 8 16 6 38 101 1 22
Скорый 1983 8 16 7 0 110 1 5
Пассажирский 1983 8 16 7 15 105 0 5
Пассажирский 1983 8 16 7 43 104 1 14
Скорый 1983 8 16 7 44 105 0 17
Товарный 1983 8 16 7 52 111 1 6
Товарный 1983 8 16 8 0 99 2 2
Товарный 1983 8 16 9 31 100 1 10
Скорый 1983 8 16 9 40 101 1 6
Пассажирский 1983 8 16 9 53 101 0 1
Товарный 1983 8 17 5 45 101 1 13
Товарный 1983 8 17 6 1 110 0 4
Скорый 1983 8 17 6 8 122 0 15
Товарный 1983 8 17 6 43 109 2 13
Пассажирский 1983 8 17 7 9 114 0 2
Товарный 1983 8 17 8 29 99 2 11
Товарный 1983 8 17 9 16 101 1 7
Пассажирский 1983 8 18 4 29 112 0 4
Скорый 1983 8 18 5 4 119 1 17
Скорый 1983 8 18 5 5 108 0 7
Товарный 1983 8 18 5 26 122 1 2
Пассажирский 1983 8 18 6 1 107 2 22
Товарный 1983 8 18 6 6 113 1 21
Пассажирский 1983 8 18 7 12 122 0 10
Скорый 1983 8 18 7 58 99 0 12
Скорый 1983 8 18 8 12 115 0 6
Скорый 1983 8 18 8 27 117 2 15
Товарный 1983 8 18 8 51 106 0 13
Пассажирский 1983 8 18 9 21 123 1 2
Скорый 1983 8 18 9 26 111 2 20
Товарный 1983 8 18 9 55 102 0 22
Товарный 1983 8 19 4 41 109 2 1
Пассажирский 1983 8 19 7 43 114 1 6
Скорый 1983 8 19 8 6 120 1 6
Скорый 1983 8 19 8 30 115 0 10
Товарный 1983 8 20 4 21 105 0 4
Пассажирский 1983 8 20 5 51 115 1 22
Товарный 1983 8 20 5 59 110 2 22
Скорый 1983 8 20 6 42 103 2 13
Пассажирский 1983 8 20 6 44 122 2 13
Скорый 1983 8 20 7 11 114 1 21
Скорый 1983 8 20 7 13 122 0 1
Пассажирский 1983 8 20 7 22 109 1 12
Скорый 1983 8 20 7 35 114 0 6
Скорый 1983 8 20 8 39 117 2 17
Товарный 1983 8 20 8 57 114 1 2
Скорый 1983 8 21 4 42 103 0 19
Скорый 1983 8 21 5 38 100 2 23
Пассажирский 1983 8 21 6 38 109 2 21
Товарный 1983 8 21 6 43 116 2 11
Товарный 1983 8 21 6 53 117 0 18
Товарный 1983 8 21 7 13 109 2 19
Скорый 1983 8 21 7 38 100 2 15
Скорый 1983 8 21 7 46 111 0 6
Товарный 1983 8 21 8 48 106 1 23
Товарный 1983 8 21 9 31 122 1 14
Пассажирский 1983 8 21 9 41 122 2 11
Пассажирский 1983 8 21 9 51 101 0 7
Товарный 1984 6 10 4 14 119 0 12
Пассажирский 1984 6 10 5 8 117 1 19
Скорый 1984 6 10 5 24 114 2 23
Скорый 1984 6 10 5 55 119 0 3
Скорый 1984 6 10 7 2 116 0 7
Скорый 1984 6 10 7 8 107 1 18
Товарный 1984 6 10 7 9 104 1 15
Скорый 1984 6 10 7 9 112 2 18
Товарный 1984 6 10 7 32 112 0 23
Пассажирский 1984 6 10 7 51 115 2 10
Пассажирский 1984 6 10 9 5 101 2 18
Товарный 1984 6 10 9 42 104 2 18
Товарный 1984 6 11 4 10 106 1 9
Товарный 1984 6 11 4 15 105 1 22
Товарный 1984 6 11 4 23 114 1 7
Товарный 1984 6 11 4 44 116 0 8
Пассажирский 1984 6 11 5 17 111 2 1
Товарный 1984 6 11 6 3 109 0 10
Товарный 1984 6 11 6 56 120 1 16
Товарный 1984 6 11 7 15 123 2 14
Скорый 1984 6 11 8 3 104 1 7
Пассажирский 1984 6 11 9 21 115 2 8
Пассажирский 1984 6 11 9 54 109 0 19
Товарный 1984 6 12 4 28 105 2 7
Товарный 1984 6 12 4 45 104 1 6
Пассажирский 1984 6 12 5 13 115 1 11
Товарный 1984 6 12 5 13 116 2 8
Скорый 1984 6 12 5 32 115 2 18
Скорый 1984 6 12 5 50 114 1 1
Скорый 1984 6 12 6 2 122 0 1
Скорый 1984 6 12 6 15 121 0 4
Скорый 1984 6 12 6 40 109 0 14
Пассажирский 1984 6 12 6 51 116 1 1
Скорый 1984 6 12 7 41 115 2 0
Пассажирский 1984 6 12 8 24 102 2 4
Товарный 1984 6 12 8 48 119 2 11
Товарный 1984 6 12 9 31 103 0 12
Товарный 1984 6 13 4 5 105 2 19
Пассажирский 1984 6 13 4 33 102 2 5
Товарный 1984 6 13 5 54 99 2 4
Пассажирский 1984 6 13 6 57 99 2 19
Скорый 1984 6 13 8 18 114 2 0
Товарный 1984 6 13 8 47 108 1 17
Скорый 1984 6 13 9 12 113 0 11
Товарный 1984 6 13 9 25 108 2 2
Товарный 1984 6 13 9 41 101 2 17
Товарный 1984 6 14 4 14 109 1 5
Пассажирский 1984 6 14 4 23 112 2 17
Пассажирский 1984 6 14 6 3 111 0 19
Товарный 1984 6 14 6 8 103 1 3
Скорый 1984 6 14 6 39 113 1 22
Скорый 1984 6 14 7 7 107 0 18
Товарный 1984 6 14 7 10 121 1 10
Товарный 1984 6 14 7 21 106 1 11
Товарный 1984 6 14 9 2 109 0 1
Скорый 1984 6 14 9 19 120 1 8
Товарный 1984 6 15 4 11 111 2 13
Скорый 1984 6 15 4 35 115 2 6
Скорый 1984 6 15 4 48 121 2 7
Пассажирский 1984 6 15 5 5 121 0 17
Скорый 1984 6 15 6 24 108 0 12
Товарный 1984 6 15 7 13 99 2 15
Скорый 1984 6 15 7 28 114 1 21
Товарный 1984 6 15 7 36 114 0 10
Пассажирский 1984 6 15 7 43 103 0 21
Скорый 1984 6 15 8 9 120 0 7
Пассажирский 1984 6 15 8 32 108 2 23
Пассажирский 1984 6 15 9 1 102 1 20
Скорый 1984 6 15 9 50 115 0 13
Скорый 1984 6 16 4 11 115 2 7
Скорый 1984 6 16 4 26 107 0 19
Скорый 1984 6 16 4 30 111 2 12
Пассажирский 1984 6 16 4 30 114 1 15
Скорый 1984 6 16 4 49 106 1 21
Товарный 1984 6 16 5 5 116 0 17
Товарный 1984 6 16 5 38 117 1 6
Товарный 1984 6 16 5 50 106 0 17
Пассажирский 1984 6 16 6 8 101 1 15
Пассажирский 1984 6 16 6 29 118 2 0
Пассажирский 1984 6 16 6 30 113 1 10
Товарный 1984 6 16 7 13 104 1 18
Пассажирский 1984 6 16 7 40 119 0 19
Скорый 1984 6 16 7 57 119 0 7
Товарный 1984 6 16 8 1 116 2 16
Пассажирский 1984 6 16 8 5 104 2 5
Скорый 1984 6 16 8 15 99 0 14
Товарный 1984 6 16 9 38 121 0 21
Пассажирский 1984 6 16 9 49 122 0 9
Товарный 1984 6 17 4 15 106 2 17
Товарный 1984 6 17 4 39 105 0 3
Пассажирский 1984 6 17 4 45 118 1 18
Скорый 1984 6 17 5 16 113 1 2
Товарный 1984 6 17 6 42 122 1 4
Товарный 1984 6 17 7 15 105 0 12
Скорый 1984 6 17 7 39 109 2 6
Скорый 1984 6 17 7 44 113 1 7
Скорый 1984 6 17 9 15 112 0 9
Скорый 1984 6 18 6 6 110 1 22
Товарный 1984 6 18 6 23 116 2 17
Товарный 1984 6 18 7 41 108 2 19
Скорый 1984 6 18 9 5 109 0 8
Скорый 1984 6 19 4 16 119 0 13
Товарный 1984 6 19 4 57 113 1 11
Скорый 1984 6 19 4 58 102 2 13
Пассажирский 1984 6 19 5 33 113 2 12
Пассажирский 1984 6 19 5 37 107 2 3
Скорый 1984 6 19 5 45 113 2 10
Пассажирский 1984 6 19 5 52 106 0 11
Скорый 1984 6 19 6 34 114 2 4
Товарный 1984 6 19 6 58 111 2 9
Товарный 1984 6 19 7 26 108 1 20
Пассажирский 1984 6 19 7 37 118 1 0
Товарный 1984 6 19 8 22 115 0 19
Пассажирский 1984 6 19 8 34 117 1 8
Товарный 1984 6 19 9 28 101 0 18
Товарный 1984 6 20 4 9 120 2 13
Скорый 1984 6 20 4 43 103 0 0
Товарный 1984 6 20 4 46 114 1 9
Товарный 1984 6 20 5 29 105 0 14
Пассажирский 1984 6 20 6 30 115 2 5
Пассажирский 1984 6 20 7 15 116 2 1
Скорый 1984 6 20 7 36 107 1 6
Пассажирский 1984 6 20 8 29 112 0 7
Товарный 1984 6 20 9 58 104 0 23
Скорый 1984 6 21 4 40 114 1 1
Скорый 1984 6 21 4 49 102 1 3
Скорый 1984 6 21 5 3 116 0 12
Товарный 1984 6 21 5 49 108 2 23
Товарный 1984 6 21 5 55 110 0 21
Товарный 1984 6 21 6 16 120 1 17
Товарный 1984 6 21 6 52 120 2 15
Скорый 1984 6 21 7 1 105 0 17
Товарный 1984 6 21 9 5 100 0 19
Пассажирский 1984 6 21 9 47 118 2 13
Товарный 1984 7 10 4 3 101 2 5
Пассажирский 1984 7 10 4 9 110 0 14
Пассажирский 1984 7 10 6 50 106 1 3
Пассажирский 1984 7 10 7 1 119 0 4
Скорый 1984 7 10 8 6 99 2 9
Товарный 1984 7 10 8 23 115 0 7
Скорый 1984 7 10 8 49 118 0 2
Скорый 1984 7 10 9 4 106 2 7
Скорый 1984 7 10 9 11 99 1 0
Скорый 1984 7 10 9 25 111 1 15
Товарный 1984 7 10 9 28 104 0 1
Скорый 1984 7 11 4 36 116 2 14
Скорый 1984 7 11 4 50 100 0 23
Пассажирский 1984 7 11 5 58 110 1 12
Товарный 1984 7 11 6 30 101 2 14
Товарный 1984 7 11 7 46 109 0 2
Скорый 1984 7 11 8 44 114 0 7
Товарный 1984 7 12 4 8 120 1 22
Пассажирский 1984 7 12 4 44 99 1 23
Скорый 1984 7 12 4 44 112 0 9
Пассажирский 1984 7 12 4 45 104 2 2
Скорый 1984 7 12 6 6 108 0 22
Скорый 1984 7 12 6 15 121 1 5
Пассажирский 1984 7 12 7 38 101 0 5
Скорый 1984 7 12 7 43 121 2 1
Товарный 1984 7 12 9 14 108 0 21
Товарный 1984 7 12 9 19 121 0 3
Скорый 1984 7 13 4 24 108 0 13
Пассажирский 1984 7 13 4 37 107 0 2
Товарный 1984 7 13 5 39 103 0 17
Товарный 1984 7 13 5 44 118 2 4
Пассажирский 1984 7 13 5 56 105 1 10
Пассажирский 1984 7 13 6 3 122 0 23
Скорый 1984 7 13 6 6 104 2 6
Пассажирский 1984 7 13 6 43 113 1 12
Скорый 1984 7 13 7 20 107 2 11
Товарный 1984 7 13 8 32 101 2 10
Пассажирский 1984 7 13 8 46 105 0 15
Товарный 1984 7 13 9 26 106 1 7
Пассажирский 1984 7 13 9 29 121 2 6
Скорый 1984 7 13 9 39 118 2 9
Товарный 1984 7 13 9 50 103 0 19
Скорый 1984 7 13 9 59 115 2 21
Скорый 1984 7 14 4 23 99 2 21
Скорый 1984 7 14 5 4 107 0 20
Скорый 1984 7 14 5 36 115 1 1
Пассажирский 1984 7 14 5 49 106 2 22
Пассажирский 1984 7 14 7 12 110 1 8
Скорый 1984 7 14 7 34 100 0 7
Скорый 1984 7 14 7 58 120 2 4
Товарный 1984 7 14 9 52 102 1 22
Пассажирский 1984 7 15 4 9 111 2 19
Пассажирский 1984 7 15 4 14 120 0 12
Пассажирский 1984 7 15 4 44 104 1 9
Скорый 1984 7 15 5 15 106 1 20
Товарный 1984 7 15 5 21 118 1 22
Пассажирский 1984 7 15 5 52 109 1 1
Товарный 1984 7 15 6 14 114 0 20
Пассажирский 1984 7 15 6 18 111 0 21
Скорый 1984 7 15 6 40 101 2 23
Скорый 1984 7 15 7 31 108 2 22
Товарный 1984 7 15 7 35 112 0 5
Пассажирский 1984 7 15 8 8 105 1 7
Пассажирский 1984 7 15 8 47 101 1 8
Скорый 1984 7 15 9 7 108 2 20
Скорый 1984 7 15 9 19 108 0 14
Скорый 1984 7 15 9 50 102 1 19
Скорый 1984 7 16 4 53 112 1 23
Скорый 1984 7 16 5 34 118 1 11
Пассажирский 1984 7 16 6 23 123 2 17
Скорый 1984 7 16 6 55 108 0 7
Скорый 1984 7 16 7 4 106 1 14
Скорый 1984 7 16 7 45 102 0 21
Скорый 1984 7 16 9 48 122 1 20
Скорый 1984 7 17 4 38 123 1 18
Товарный 1984 7 17 6 24 114 0 7
Скорый 1984 7 17 6 47 118 2 22
Скорый 1984 7 17 7 0 112 0 21
Пассажирский 1984 7 17 7 14 102 2 12
Скорый 1984 7 17 7 35 101 2 10
Пассажирский 1984 7 17 7 37 113 1 19
Пассажирский 1984 7 17 8 34 104 2 22
Скорый 1984 7 17 8 38 106 0 18
Товарный 1984 7 18 4 5 113 0 17
Товарный 1984 7 18 4 9 121 1 4
Скорый 1984 7 18 5 18 108 2 15
Товарный 1984 7 18 5 46 111 1 5
Скорый 1984 7 18 6 2 121 0 20
Товарный 1984 7 18 6 33 107 1 9
Пассажирский 1984 7 18 6 34 114 2 10
Пассажирский 1984 7 18 7 50 107 1 22
Пассажирский 1984 7 18 9 35 115 1 12
Товарный 1984 7 18 9 45 111 0 12
Пассажирский 1984 7 19 4 2 104 2 17
Скорый 1984 7 19 5 24 123 2 17
Скорый 1984 7 19 7 47 99 1 19
Товарный 1984 7 19 8 26 120 2 16
Скорый 1984 7 19 8 48 105 1 10
Скорый 1984 7 19 9 39 104 2 11
Скорый 1984 7 20 4 5 100 2 9
Скорый 1984 7 20 4 7 111 1 17
Скорый 1984 7 20 5 4 113 2 18
Пассажирский 1984 7 20 6 4 119 1 1
Товарный 1984 7 20 9 5 105 1 2
Скорый 1984 7 20 9 22 105 1 5
Товарный 1984 7 21 5 48 103 0 17
Товарный 1984 7 21 5 55 120 1 18
Скорый 1984 7 21 6 29 116 2 10
Товарный 1984 7 21 6 32 115 1 16
Скорый 1984 7 21 8 20 119 1 5
Скорый 1984 7 21 8 42 104 0 5
Пассажирский 1984 7 21 9 51 114 2 6
Скорый 1984 8 10 5 11 103 1 1
Товарный 1984 8 10 6 34 120 0 21
Товарный 1984 8 10 6 41 115 2 8
Товарный 1984 8 10 8 25 115 1 21
Пассажирский 1984 8 10 9 35 123 1 19
Пассажирский 1984 8 10 9 44 114 1 19
Скорый 1984 8 10 9 51 102 1 0
Пассажирский 1984 8 11 4 7 99 2 2
Скорый 1984 8 11 4 45 101 2 22
Скорый 1984 8 11 4 49 107 2 0
Пассажирский 1984 8 11 5 5 122 1 12
Товарный 1984 8 11 5 39 121 2 5
Товарный 1984 8 11 6 21 101 0 8
Скорый 1984 8 11 6 26 122 1 10
Товарный 1984 8 11 6 52 123 0 6
Скорый 1984 8 11 6 57 107 1 1
Пассажирский 1984 8 11 7 10 110 2 11
Скорый 1984 8 11 7 19 113 0 16
Товарный 1984 8 11 8 7 102 1 23
Товарный 1984 8 11 8 53 103 1 8
Пассажирский 1984 8 12 4 1 101 0 3
Пассажирский 1984 8 12 4 52 112 1 18
Скорый 1984 8 12 5 1 106 2 5
Пассажирский 1984 8 12 5 24 121 1 3
Пассажирский 1984 8 12 5 51 108 1 6
Скорый 1984 8 12 9 30 104 1 7
Пассажирский 1984 8 13 4 50 107 2 2
Скорый 1984 8 13 5 23 118 2 0
Товарный 1984 8 13 8 36 107 2 23
Скорый 1984 8 14 4 5 120 2 1
Скорый 1984 8 14 4 10 115 1 10
Товарный 1984 8 14 4 55 111 2 14
Скорый 1984 8 14 5 38 114 2 4
Скорый 1984 8 14 6 2 115 1 14
Пассажирский 1984 8 14 7 53 115 2 2
Пассажирский 1984 8 14 9 50 102 1 22
Пассажирский 1984 8 14 9 53 106 2 9
Товарный 1984 8 14 9 53 117 1 0
Пассажирский 1984 8 15 4 57 110 2 8
Скорый 1984 8 15 5 0 110 1 20
Пассажирский 1984 8 15 6 11 118 0 7
Товарный 1984 8 15 6 28 106 2 8
Скорый 1984 8 15 8 36 100 0 1
Пассажирский 1984 8 15 8 50 101 2 5
Пассажирский 1984 8 15 9 1 110 1 10
Скорый 1984 8 15 9 36 106 1 1
Пассажирский 1984 8 16 4 20 105 2 23
Товарный 1984 8 16 5 10 118 2 4
Товарный 1984 8 16 5 27 112 1 21
Товарный 1984 8 16 7 32 102 1 20
Скорый 1984 8 16 7 55 108 1 18
Товарный 1984 8 16 8 52 105 2 8
Товарный 1984 8 17 4 3 101 1 6
Товарный 1984 8 17 4 51 104 0 12
Скорый 1984 8 17 5 24 103 0 9
Пассажирский 1984 8 17 7 8 115 2 5
Пассажирский 1984 8 17 7 25 113 2 16
Товарный 1984 8 17 7 31 105 0 17
Пассажирский 1984 8 17 7 50 102 2 23
Скорый 1984 8 17 9 3 123 1 18
Скорый 1984 8 17 9 59 103 0 20
Пассажирский 1984 8 18 4 28 102 2 23
Товарный 1984 8 18 4 52 118 1 11
Скорый 1984 8 18 5 22 112 2 11
Пассажирский 1984 8 18 5 34 116 0 0
Пассажирский 1984 8 18 5 35 114 1 0
Скорый 1984 8 18 5 37 121 0 6
Пассажирский 1984 8 18 5 43 120 0 23
Товарный 1984 8 18 5 53 108 0 7
Пассажирский 1984 8 18 7 2 105 2 23
Пассажирский 1984 8 18 7 52 114 0 20
Товарный 1984 8 18 8 25 102 0 23
Пассажирский 1984 8 18 9 10 119 1 20
Товарный 1984 8 18 9 29 103 1 12
Товарный 1984 8 19 4 27 115 1 9
Скорый 1984 8 19 5 32 111 0 7
Товарный 1984 8 19 6 21 111 0 12
Пассажирский 1984 8 19 6 21 118 0 3
Товарный 1984 8 19 6 47 121 0 10
Пассажирский 1984 8 19 7 3 123 1 13
Пассажирский 1984 8 19 7 33 122 1 7
Скорый 1984 8 19 7 45 109 2 5
Скорый 1984 8 19 8 20 119 1 1
Скорый 1984 8 19 8 36 107 2 23
Товарный 1984 8 19 9 55 108 1 4
Скорый 1984 8 20 5 49 122 0 10
Скорый 1984 8 20 7 18 108 2 15
Товарный 1984 8 20 7 33 104 0 6
Товарный 1984 8 20 8 39 105 1 11
Скорый 1984 8 20 9 44 115 0 13
Товарный 1984 8 21 4 6 104 0 20
Скорый 1984 8 21 5 7 115 0 3
Товарный 1984 8 21 5 25 109 2 5
Пассажирский 1984 8 21 6 18 116 1 11
Пассажирский 1984 8 21 8 5 110 1 19
Товарный 1984 8 21 9 31 112 1 18
Товарный 1984 8 21 9 58 113 1 17
