Товарный 1982 6 10 4 18 116 1 7
Скорый 1982 6 10 5 52 121 1 19
Скорый 1982 6 10 6 0 108 2 20
Скорый 1982 6 10 6 18 120 0 18
Скорый 1982 6 11 5 6 120 2 18
Скорый 1982 6 11 5 33 106 2 13
Пассажирский 1982 6 11 7 1 118 2 11
Пассажирский 1982 6 12 6 26 102 0 18
Пассажирский 1982 6 12 9 38 112 1 7
Пассажирский 1982 6 13 4 25 100 2 14
Товарный 1982 6 13 4 44 118 2 2
Скорый 1982 6 13 7 17 117 2 4
Товарный 1982 6 13 7 34 111 1 10
Скорый 1982 6 13 8 58 110 1 2
Пассажирский 1982 6 13 9 23 116 0 15
Товарный 1982 6 14 4 55 104 2 23
Товарный 1982 6 14 4 59 112 2 5
Пассажирский 1982 6 14 5 15 111 1 2
Товарный 1982 6 14 8 45 113 2 14
Товарный 1982 6 14 8 49 108 1 14
Пассажирский 1982 6 15 4 25 111 0 3
Скорый 1982 6 15 4 26 105 0 11
Пассажирский 1982 6 15 5 42 106 1 14
Пассажирский 1982 6 15 7 7 114 1 22
Товарный 1982 6 15 7 56 113 0 22
Скорый 1982 6 16 4 24 119 2 4
Пассажирский 1982 6 16 4 31 111 2 10
Товарный 1982 6 16 4 57 114 1 4
Пассажирский 1982 6 16 6 15 121 0 9
Скорый 1982 6 16 6 17 105 0 21
Товарный 1982 6 16 7 4 118 1 8
Товарный 1982 6 16 7 45 108 0 18
Скорый 1982 6 16 8 47 111 2 1
Скорый 1982 6 17 5 22 107 1 10
Пассажирский 1982 6 17 6 12 112 2 12
Скорый 1982 6 17 8 31 116 2 11
Товарный 1982 6 17 8 43 116 2 15
Пассажирский 1982 6 17 9 43 112 2 15
Скорый 1982 6 18 8 22 117 1 17
Скорый 1982 6 18 9 21 104 1 9
Скорый 1982 6 18 9 52 102 2 14
Скорый 1982 6 19 5 25 108 1 22
Товарный 1982 6 19 6 31 122 0 14
Пассажирский 1982 6 19 7 9 116 1 0
Скорый 1982 6 19 7 56 100 1 19
Товарный 1982 6 19 9 44 122 0 22
Скорый 1982 6 20 5 18 107 0 18
Скорый 1982 6 20 6 23 101 2 12
Товарный 1982 6 20 7 7 102 2 21
Товарный 1982 6 20 7 47 99 2 14
Скорый 1982 6 20 8 6 116 1 5
Скорый 1982 6 20 8 24 103 1 0
Товарный 1982 6 21 6 12 109 1 6
Пассажирский 1982 6 21 7 48 107 1 6
Скорый 1982 7 10 5 33 111 1 22
Товарный 1982 7 10 6 30 110 0 19
Пассажирский 1982 7 10 7 21 107 0 7
Скорый 1982 7 10 7 32 122 1 9
Скорый 1982 7 11 5 5 121 0 22
Товарный 1982 7 11 5 25 106 0 3
Товарный 1982 7 11 6 31 120 0 2
Товарный 1982 7 11 6 51 123 1 9
Товарный 1982 7 11 8 43 107 1 17
Скорый 1982 7 11 8 52 102 1 3
Товарный 1982 7 11 9 9 114 0 12
Товарный 1982 7 11 9 40 106 2 0
Пассажирский 1982 7 12 6 3 114 1 17
Пассажирский 1982 7 12 6 49 107 1 18
Пассажирский 1982 7 12 7 4 108 0 8
Скорый 1982 7 12 8 42 107 0 2
Скорый 1982 7 12 9 33 102 0 3
Товарный 1982 7 12 9 36 117 0 6
Скорый 1982 7 13 6 59 113 1 1
Товарный 1982 7 13 7 58 109 0 8
Товарный 1982 7 13 9 45 123 0 5
Скорый 1982 7 14 5 55 122 2 16
Скорый 1982 7 14 7 18 120 1 1
Скорый 1982 7 14 7 44 102 0 4
Товарный 1982 7 15 6 57 113 2 21
Скорый 1982 7 15 7 14 103 1 3
Скорый 1982 7 15 8 34 105 0 9
Товарный 1982 7 16 4 44 105 0 3
Товарный 1982 7 16 6 20 113 0 10
Скорый 1982 7 16 7 10 114 1 14
Скорый 1982 7 16 7 30 100 2 0
Товарный 1982 7 16 7 36 108 1 1
Скорый 1982 7 16 7 44 112 1 2
Скорый 1982 7 16 8 40 115 1 18
Пассажирский 1982 7 16 9 0 120 2 1
Пассажирский 1982 7 17 5 55 108 1 0
Товарный 1982 7 17 7 1 101 1 1
Пассажирский 1982 7 17 9 48 102 1 10
Товарный 1982 7 18 7 44 119 1 20
Товарный 1982 7 19 7 33 100 0 13
Пассажирский 1982 7 19 7 40 113 2 13
Скорый 1982 7 19 8 59 120 2 20
Пассажирский 1982 7 19 9 10 117 0 15
Скорый 1982 7 19 9 27 100 2 0
Пассажирский 1982 7 20 4 27 107 2 9
Пассажирский 1982 7 20 4 35 104 0 16
Товарный 1982 7 20 5 41 110 0 4
Скорый 1982 7 20 5 42 122 2 17
Товарный 1982 7 20 7 37 118 0 1
Товарный 1982 7 21 5 21 110 0 1
Скорый 1982 7 21 6 50 107 0 4
Пассажирский 1982 7 21 8 55 120 1 1
Скорый 1982 8 10 5 3 115 1 8
Скорый 1982 8 10 5 55 112 2 2
Товарный 1982 8 10 6 42 123 2 18
Пассажирский 1982 8 10 7 38 100 2 0
Скорый 1982 8 10 8 34 103 0 16
Пассажирский 1982 8 10 9 56 119 1 10
Пассажирский 1982 8 11 4 34 105 1 10
Скорый 1982 8 11 5 37 107 2 19
Пассажирский 1982 8 11 6 34 106 0 10
Скорый 1982 8 11 8 27 117 1 1
Скорый 1982 8 11 9 27 111 0 22
Товарный 1982 8 11 9 56 101 1 20
Пассажирский 1982 8 12 9 5 114 0 23
Пассажирский 1982 8 13 5 33 114 0 0
Скорый 1982 8 13 6 17 117 1 7
Скорый 1982 8 13 6 25 114 0 12
Товарный 1982 8 14 5 40 116 0 15
Пассажирский 1982 8 14 7 21 122 2 6
Товарный 1982 8 14 8 20 114 0 8
Пассажирский 1982 8 14 9 58 106 2 8
Скорый 1982 8 15 4 10 101 1 1
Скорый 1982 8 15 4 47 113 1 21
Товарный 1982 8 15 4 50 116 1 18
Пассажирский 1982 8 15 6 31 110 2 4
Пассажирский 1982 8 15 8 37 122 0 9
Скорый 1982 8 16 6 51 101 1 6
Скорый 1982 8 16 7 48 112 2 19
Товарный 1982 8 16 7 54 104 2 4
Скорый 1982 8 16 8 14 117 1 16
Товарный 1982 8 16 8 26 105 1 22
Пассажирский 1982 8 17 5 10 112 2 1
Товарный 1982 8 17 5 57 116 1 21
Товарный 1982 8 17 6 1 102 2 10
Скорый 1982 8 17 6 10 109 1 10
Пассажирский 1982 8 17 7 14 108 1 8
Скорый 1982 8 17 7 46 101 0 5
Скорый 1982 8 17 8 2 110 0 23
Пассажирский 1982 8 17 9 34 117 2 17
Скорый 1982 8 18 4 58 113 2 23
Товарный 1982 8 18 5 14 102 1 11
Товарный 1982 8 18 6 48 109 0 2
Товарный 1982 8 18 9 34 114 0 0
Скорый 1982 8 19 6 31 100 0 2
Пассажирский 1982 8 19 8 29 107 1 3
Скорый 1982 8 19 8 37 119 0 16
Товарный 1982 8 19 8 59 110 2 16
Скорый 1982 8 19 9 37 113 1 14
Товарный 1982 8 20 5 51 120 2 8
Товарный 1982 8 20 6 22 118 2 18
Товарный 1982 8 20 7 37 122 1 14
Пассажирский 1982 8 20 8 3 120 2 9
Пассажирский 1982 8 20 8 31 103 1 20
Скорый 1982 8 20 9 1 108 1 15
Скорый 1982 8 20 9 6 123 0 7
Товарный 1982 8 21 4 16 106 2 6
Скорый 1982 8 21 7 34 113 1 5
Скорый 1982 8 21 8 40 104 2 17
Скорый 1983 6 10 5 33 99 2 0
Пассажирский 1983 6 10 5 56 113 2 5
Товарный 1983 6 10 7 9 118 1 20
Скорый 1983 6 10 8 48 107 2 9
Скорый 1983 6 10 9 44 111 1 12
Скорый 1983 6 11 4 43 117 1 13
Пассажирский 1983 6 11 6 53 116 0 13
Пассажирский 1983 6 11 7 7 111 1 15
Скорый 1983 6 11 8 5 103 1 5
Пассажирский 1983 6 12 6 34 116 2 19
Скорый 1983 6 12 6 37 120 0 1
Товарный 1983 6 12 8 31 102 1 11
Скорый 1983 6 12 8 53 123 1 9
Скорый 1983 6 13 6 27 112 0 23
Пассажирский 1983 6 13 7 39 109 0 8
Пассажирский 1983 6 13 7 44 123 0 21
Скорый 1983 6 13 8 2 115 0 6
Скорый 1983 6 14 5 2 114 0 19
Товарный 1983 6 14 5 36 111 2 20
Товарный 1983 6 14 8 6 120 2 0
Пассажирский 1983 6 14 8 10 122 1 17
Пассажирский 1983 6 14 8 14 116 2 20
Скорый 1983 6 14 8 40 119 2 19
Товарный 1983 6 14 8 53 120 0 0
Скорый 1983 6 15 4 39 105 0 22
Скорый 1983 6 15 5 0 101 1 19
Пассажирский 1983 6 15 5 48 109 2 4
Товарный 1983 6 15 6 33 105 1 13
Товарный 1983 6 15 6 47 112 2 10
Скорый 1983 6 15 8 47 102 1 10
Скорый 1983 6 15 9 42 123 2 0
Скорый 1983 6 16 6 10 111 0 6
Пассажирский 1983 6 16 7 3 111 2 15
Пассажирский 1983 6 16 8 27 114 0 8
Пассажирский 1983 6 16 9 22 101 0 13
Товарный 1983 6 16 9 51 101 1 14
Пассажирский 1983 6 17 4 22 109 1 0
Товарный 1983 6 17 6 54 107 1 18
Скорый 1983 6 17 6 59 111 1 1
Товарный 1983 6 17 7 8 105 1 1
Скорый 1983 6 18 4 35 120 1 0
Скорый 1983 6 18 7 38 106 0 1
Скорый 1983 6 18 8 16 102 2 2
Скорый 1983 6 18 9 51 109 1 22
Скорый 1983 6 19 4 6 99 0 11
Товарный 1983 6 19 4 48 100 2 16
Пассажирский 1983 6 19 7 58 113 0 19
Пассажирский 1983 6 19 8 46 109 1 15
Пассажирский 1983 6 20 4 28 123 1 19
Товарный 1983 6 21 4 43 99 0 5
Пассажирский 1983 6 21 6 28 122 0 14
Скорый 1983 6 21 8 59 112 2 12
Пассажирский 1983 6 21 8 59 113 1 18
Товарный 1983 7 10 7 28 101 2 19
Товарный 1983 7 10 8 2 117 1 0
Пассажирский 1983 7 10 8 10 116 1 15
Пассажирский 1983 7 10 8 10 123 0 20
Пассажирский 1983 7 10 8 20 103 0 23
Пассажирский 1983 7 10 9 9 114 2 14
Товарный 1983 7 11 4 4 110 0 9
Пассажирский 1983 7 11 4 12 104 2 12
Скорый 1983 7 11 4 27 104 0 16
Скорый 1983 7 11 4 53 123 1 21
Товарный 1983 7 11 6 56 107 2 6
Скорый 1983 7 11 7 12 113 1 1
Товарный 1983 7 11 9 23 102 0 18
Скорый 1983 7 11 9 59 121 1 19
Пассажирский 1983 7 12 4 31 123 2 15
Товарный 1983 7 12 4 47 101 0 15
Пассажирский 1983 7 12 5 13 113 0 7
Товарный 1983 7 12 7 52 113 1 2
Пассажирский 1983 7 12 8 6 101 2 18
Товарный 1983 7 12 8 11 113 2 5
Пассажирский 1983 7 12 8 22 114 0 19
Пассажирский 1983 7 12 9 8 118 0 19
Пассажирский 1983 7 13 5 40 107 0 9
Товарный 1983 7 13 5 51 100 1 20
Пассажирский 1983 7 13 7 46 116 1 16
Скорый 1983 7 13 9 32 114 1 13
Товарный 1983 7 14 5 39 109 0 8
Скорый 1983 7 14 7 44 117 1 7
Скорый 1983 7 14 8 28 118 1 0
Скорый 1983 7 14 8 34 121 1 9
Товарный 1983 7 15 4 31 108 1 2
Товарный 1983 7 15 4 32 122 0 11
Скорый 1983 7 15 5 56 105 1 3
Скорый 1983 7 15 9 9 110 0 11
Товарный 1983 7 15 9 13 112 0 12
Товарный 1983 7 15 9 30 106 1 11
Товарный 1983 7 16 4 35 117 1 20
Пассажирский 1983 7 16 4 42 118 1 22
Пассажирский 1983 7 16 4 59 116 2 21
Товарный 1983 7 16 6 25 112 1 22
Товарный 1983 7 16 7 48 105 0 20
Товарный 1983 7 16 8 43 122 0 18
Пассажирский 1983 7 16 9 53 114 1 23
Пассажирский 1983 7 17 5 21 115 1 8
Товарный 1983 7 17 5 28 113 0 22
Скорый 1983 7 17 6 7 110 1 9
Товарный 1983 7 17 7 47 120 2 21
Пассажирский 1983 7 17 8 29 108 0 7
Товарный 1983 7 18 4 24 99 1 11
Товарный 1983 7 18 4 28 104 0 9
Скорый 1983 7 18 5 49 104 0 22
Товарный 1983 7 18 5 49 107 2 10
Товарный 1983 7 18 6 34 121 2 5
Товарный 1983 7 18 6 48 101 2 15
Скорый 1983 7 18 6 53 107 1 16
Скорый 1983 7 18 7 56 116 2 17
Скорый 1983 7 18 8 18 107 2 12
Товарный 1983 7 18 9 23 108 0 9
Скорый 1983 7 19 4 0 114 0 10
Пассажирский 1983 7 19 5 48 108 2 1
Скорый 1983 7 19 7 44 117 0 18
Пассажирский 1983 7 19 7 45 99 0 5
Скорый 1983 7 19 9 30 113 2 21
Пассажирский 1983 7 20 4 38 105 0 17
Пассажирский 1983 7 20 6 27 123 1 16
Скорый 1983 7 20 9 40 122 0 17
Пассажирский 1983 7 20 9 50 109 1 21
Товарный 1983 7 21 6 11 114 0 18
Пассажирский 1983 7 21 9 4 102 0 10
Товарный 1983 8 10 4 18 102 0 11
Скорый 1983 8 10 4 58 100 2 1
Скорый 1983 8 10 7 0 103 2 14
Пассажирский 1983 8 10 7 2 113 2 3
Скорый 1983 8 10 8 37 123 0 16
Скорый 1983 8 10 9 18 119 0 0
Товарный 1983 8 11 4 10 112 0 3
Скорый 1983 8 11 7 52 114 0 14
Скорый 1983 8 11 7 59 117 1 20
Товарный 1983 8 11 8 50 108 1 3
Товарный 1983 8 11 9 54 116 0 3
Пассажирский 1983 8 12 4 57 100 2 11
Пассажирский 1983 8 12 6 2 99 2 15
Скорый 1983 8 12 7 15 122 0 7
Товарный 1983 8 12 8 15 107 0 1
Скорый 1983 8 12 8 25 107 1 2
Скорый 1983 8 13 4 8 117 1 22
Товарный 1983 8 13 4 31 108 0 2
Скорый 1983 8 13 5 4 109 0 4
Товарный 1983 8 13 7 4 107 2 7
Пассажирский 1983 8 13 7 11 118 2 8
Товарный 1983 8 13 7 29 107 1 23
Пассажирский 1983 8 13 9 50 107 1 2
Пассажирский 1983 8 14 4 11 103 0 14
Пассажирский 1983 8 14 5 24 113 2 21
Товарный 1983 8 15 6 45 102 2 12
Пассажирский 1983 8 15 8 16 120 2 12
Скорый 1983 8 15 8 34 102 2 2
Пассажирский 1983 8 16 4 15 99 0 22
Пассажирский 1983 8 16 4 44 122 0 6
Пассажирский 1983 8 16 6 14 107 1 4
Товарный 1983 8 16 6 59 108 1 22
Товарный 1983 8 16 7 10 113 0 14
Пассажирский 1983 8 16 8 8 99 0 18
Товарный 1983 8 16 8 13 99 0 19
Скорый 1983 8 17 7 41 102 0 5
Товарный 1983 8 17 8 0 113 0 11
Пассажирский 1983 8 17 9 12 122 0 23
Пассажирский 1983 8 17 9 40 117 1 4
Товарный 1983 8 17 9 49 112 0 12
Пассажирский 1983 8 18 5 7 100 1 1
Товарный 1983 8 18 5 44 106 2 18
Скорый 1983 8 18 7 6 117 2 23
Товарный 1983 8 18 7 9 113 0 3
Скорый 1983 8 18 8 47 102 2 2
Товарный 1983 8 18 9 43 111 0 2
Скорый 1983 8 18 9 54 120 1 23
Товарный 1983 8 19 5 52 100 0 14
Скорый 1983 8 19 8 8 122 2 10
Товарный 1983 8 20 4 13 111 0 23
Пассажирский 1983 8 20 4 51 108 0 3
Товарный 1983 8 20 4 59 110 2 0
Пассажирский 1983 8 20 7 40 110 0 22
Пассажирский 1983 8 21 8 14 108 1 12
Скорый 1984 6 10 4 32 104 0 11
Товарный 1984 6 10 5 59 122 2 7
Пассажирский 1984 6 10 7 59 107 0 14
Скорый 1984 6 10 8 17 115 0 14
Товарный 1984 6 11 5 54 100 1 3
Товарный 1984 6 11 6 13 113 2 16
Пассажирский 1984 6 11 6 23 112 2 2
Пассажирский 1984 6 11 7 5 114 1 14
Скорый 1984 6 11 7 49 117 1 1
Скорый 1984 6 12 4 51 102 2 16
Товарный 1984 6 12 5 1 120 2 23
Пассажирский 1984 6 12 5 11 100 2 23
Товарный 1984 6 12 9 42 119 0 7
Пассажирский 1984 6 12 9 59 107 0 0
Товарный 1984 6 13 4 56 112 0 15
Скорый 1984 6 13 7 5 122 0 8
Пассажирский 1984 6 13 7 36 123 0 3
Пассажирский 1984 6 13 8 28 120 2 7
Товарный 1984 6 14 8 4 117 1 12
Пассажирский 1984 6 14 9 11 113 1 16
Пассажирский 1984 6 14 9 39 111 2 23
Товарный 1984 6 15 4 40 105 1 13
Пассажирский 1984 6 15 4 52 122 0 12
Скорый 1984 6 15 7 41 99 2 23
Скорый 1984 6 15 8 47 102 2 3
Пассажирский 1984 6 16 5 50 101 0 7
Пассажирский 1984 6 16 9 13 107 1 18
Пассажирский 1984 6 17 4 19 117 0 18
Скорый 1984 6 17 4 46 108 1 8
Скорый 1984 6 17 4 51 118 0 22
Скорый 1984 6 17 4 59 105 2 8
Скорый 1984 6 17 5 41 105 0 16
Товарный 1984 6 18 4 8 111 2 20
Пассажирский 1984 6 18 6 41 105 0 16
Скорый 1984 6 18 8 25 99 0 12
Скорый 1984 6 18 8 32 101 2 8
Скорый 1984 6 19 9 16 116 2 16
Товарный 1984 6 19 9 40 121 1 8
Товарный 1984 6 20 4 3 111 0 8
Скорый 1984 6 20 5 6 123 2 11
Пассажирский 1984 6 20 6 41 99 0 19
Пассажирский 1984 6 20 6 42 102 2 7
Товарный 1984 6 20 9 34 122 1 12
Товарный 1984 6 21 5 14 113 2 16
Товарный 1984 6 21 6 14 105 1 1
Скорый 1984 6 21 7 27 105 1 16
Пассажирский 1984 6 21 8 49 106 0 1
Пассажирский 1984 7 10 4 51 115 0 1
Товарный 1984 7 10 5 33 107 2 11
Пассажирский 1984 7 10 5 54 106 0 15
Пассажирский 1984 7 11 6 8 113 2 7
Пассажирский 1984 7 11 8 44 102 1 22
Пассажирский 1984 7 11 9 31 102 1 10
Пассажирский 1984 7 11 9 32 120 0 0
Скорый 1984 7 12 6 44 121 1 9
Товарный 1984 7 12 7 40 123 0 13
Пассажирский 1984 7 12 9 23 120 0 12
Скорый 1984 7 12 9 26 120 0 14
Пассажирский 1984 7 12 9 47 101 0 18
Товарный 1984 7 12 9 59 100 2 12
Пассажирский 1984 7 13 4 55 109 0 9
Пассажирский 1984 7 13 5 17 100 0 13
Товарный 1984 7 13 5 24 106 0 9
Пассажирский 1984 7 13 8 52 103 0 11
Скорый 1984 7 13 9 41 112 0 5
Пассажирский 1984 7 14 5 1 121 1 0
Пассажирский 1984 7 14 6 44 123 2 20
Товарный 1984 7 14 7 53 118 0 6
Пассажирский 1984 7 14 8 44 120 1 3
Пассажирский 1984 7 14 9 23 100 1 21
Пассажирский 1984 7 15 8 33 103 1 23
Пассажирский 1984 7 15 8 46 116 2 8
Скорый 1984 7 15 9 0 111 2 15
Товарный 1984 7 15 9 28 100 2 8
Скорый 1984 7 15 9 50 107 1 6
Пассажирский 1984 7 15 9 58 108 1 7
Пассажирский 1984 7 16 4 10 108 0 18
Скорый 1984 7 16 5 10 112 1 0
Скорый 1984 7 16 6 2 105 1 12
Скорый 1984 7 16 7 17 106 2 4
Товарный 1984 7 16 9 50 117 0 5
Пассажирский 1984 7 17 5 34 121 1 6
Пассажирский 1984 7 17 7 53 121 1 0
Товарный 1984 7 18 6 9 109 1 18
Пассажирский 1984 7 18 6 44 113 0 1
Скорый 1984 7 18 7 55 122 1 0
Скорый 1984 7 18 8 8 121 2 2
Пассажирский 1984 7 18 8 41 106 2 10
Скорый 1984 7 18 9 55 112 2 17
Пассажирский 1984 7 19 6 13 115 0 17
Скорый 1984 7 19 7 3 107 0 9
Скорый 1984 7 19 7 26 105 0 18
Скорый 1984 7 19 9 16 105 1 2
Товарный 1984 7 20 4 47 117 2 1
Пассажирский 1984 7 20 6 2 110 1 2
Товарный 1984 7 20 7 4 107 1 14
Скорый 1984 7 20 7 50 113 2 18
Скорый 1984 7 20 9 0 123 1 17
Скорый 1984 7 20 9 38 113 1 3
Пассажирский 1984 7 21 4 5 111 1 22
Пассажирский 1984 7 21 4 22 121 2 23
Пассажирский 1984 7 21 4 41 121 2 2
Скорый 1984 7 21 4 51 103 1 19
Пассажирский 1984 7 21 4 54 107 1 3
Товарный 1984 7 21 6 34 118 2 7
Пассажирский 1984 7 21 9 2 114 1 15
Скорый 1984 7 21 9 16 123 0 23
Пассажирский 1984 8 10 5 19 106 1 10
Товарный 1984 8 11 4 34 107 2 3
Пассажирский 1984 8 11 4 49 100 1 22
Скорый 1984 8 11 5 39 109 1 16
Скорый 1984 8 11 8 41 101 1 13
Скорый 1984 8 12 4 45 114 1 10
Пассажирский 1984 8 12 5 22 116 1 4
Товарный 1984 8 12 6 48 101 2 17
Пассажирский 1984 8 12 6 51 123 0 20
Скорый 1984 8 12 7 9 117 1 13
Скорый 1984 8 12 7 20 99 2 20
Пассажирский 1984 8 12 7 24 118 2 8
Пассажирский 1984 8 13 6 41 115 1 0
Товарный 1984 8 13 8 59 105 2 6
Товарный 1984 8 13 9 17 113 1 21
Товарный 1984 8 14 6 49 122 1 18
Пассажирский 1984 8 14 9 16 101 2 4
Скорый 1984 8 15 4 11 104 1 4
Товарный 1984 8 15 4 23 121 0 18
Товарный 1984 8 15 5 2 108 2 0
Пассажирский 1984 8 16 4 56 113 0 5
Пассажирский 1984 8 16 5 32 111 0 21
Товарный 1984 8 16 5 52 118 2 11
Скорый 1984 8 16 8 44 101 0 7
Товарный 1984 8 16 8 53 114 1 22
Скорый 1984 8 16 9 46 103 1 2
Скорый 1984 8 17 4 41 106 2 8
Скорый 1984 8 17 4 49 103 0 10
Скорый 1984 8 17 6 7 120 2 15
Пассажирский 1984 8 17 6 21 108 2 17
Товарный 1984 8 17 6 54 99 2 11
Пассажирский 1984 8 17 7 16 101 2 22
Товарный 1984 8 17 7 54 119 0 17
Товарный 1984 8 17 8 53 106 0 7
Товарный 1984 8 17 9 55 110 0 0
Скорый 1984 8 17 9 57 100 1 6
Скорый 1984 8 18 4 31 111 1 8
Пассажирский 1984 8 18 4 49 115 0 6
Пассажирский 1984 8 18 5 20 118 0 11
Пассажирский 1984 8 18 8 40 106 1 14
Пассажирский 1984 8 19 4 30 105 2 0
Пассажирский 1984 8 19 4 39 113 0 6
Скорый 1984 8 19 5 40 115 1 23
Пассажирский 1984 8 19 8 25 100 1 10
Скорый 1984 8 19 9 5 101 1 16
Товарный 1984 8 19 9 54 116 2 22
Пассажирский 1984 8 19 9 58 108 2 4
Скорый 1984 8 20 6 52 106 1 12
Пассажирский 1984 8 21 6 11 105 2 18
Пассажирский 1984 8 21 6 27 104 2 21
Товарный 1984 8 21 7 57 109 2 9
Товарный 1984 8 21 8 25 116 0 1
Скорый 1984 8 21 9 20 110 0 0
Скорый 1984 8 21 9 54 100 2 23
