Пассажирский 1982 6 10 4 16 101 2 10
Товарный 1982 6 10 4 26 102 0 23
Скорый 1982 6 10 4 59 104 2 10
Пассажирский 1982 6 10 5 8 102 0 22
Товарный 1982 6 10 5 26 110 2 17
Пассажирский 1982 6 10 5 44 112 2 11
Пассажирский 1982 6 10 6 7 106 1 3
Товарный 1982 6 10 6 9 108 0 3
Товарный 1982 6 10 6 17 109 2 23
Пассажирский 1982 6 10 6 48 116 0 13
Товарный 1982 6 10 7 49 123 2 19
Пассажирский 1982 6 10 7 53 102 0 23
Товарный 1982 6 10 7 58 105 0 2
Скорый 1982 6 10 8 13 110 1 3
Товарный 1982 6 10 8 13 118 1 18
Товарный 1982 6 10 8 37 115 1 12
Скорый 1982 6 10 8 52 106 1 6
Пассажирский 1982 6 10 9 21 121 0 9
Скорый 1982 6 10 9 58 119 0 19
Товарный 1982 6 11 4 51 104 0 5
Скорый 1982 6 11 5 34 112 0 20
Товарный 1982 6 11 5 39 109 2 22
Пассажирский 1982 6 11 6 26 102 1 15
Пассажирский 1982 6 11 6 34 116 2 3
Товарный 1982 6 11 6 35 111 0 18
Пассажирский 1982 6 11 6 38 121 2 9
Скорый 1982 6 11 6 39 108 0 17
Пассажирский 1982 6 11 7 2 99 2 3
Товарный 1982 6 11 7 32 118 1 12
Товарный 1982 6 11 7 43 115 1 23
Скорый 1982 6 11 8 20 111 0 14
Товарный 1982 6 11 8 31 119 2 19
Товарный 1982 6 11 8 36 122 2 2
Товарный 1982 6 11 8 37 121 0 6
Скорый 1982 6 11 8 38 114 0 13
Товарный 1982 6 11 8 55 103 2 8
Скорый 1982 6 11 9 5 113 0 2
Товарный 1982 6 11 9 44 99 0 13
Скорый 1982 6 12 4 8 105 1 22
Скорый 1982 6 12 4 26 116 0 20
Скорый 1982 6 12 4 37 118 2 12
Скорый 1982 6 12 5 54 116 0 9
Скорый 1982 6 12 6 14 111 2 11
Пассажирский 1982 6 12 6 22 101 1 19
Товарный 1982 6 12 6 34 114 1 11
Товарный 1982 6 12 7 19 99 0 23
Пассажирский 1982 6 12 8 24 119 1 4
Скорый 1982 6 12 9 52 120 2 10
Скорый 1982 6 13 4 6 105 2 20
Пассажирский 1982 6 13 4 36 99 2 10
Скорый 1982 6 13 4 36 115 0 5
Скорый 1982 6 13 4 51 113 2 18
Товарный 1982 6 13 5 16 121 1 2
Пассажирский 1982 6 13 6 2 109 2 6
Товарный 1982 6 13 6 25 108 2 3
Пассажирский 1982 6 13 6 52 114 0 20
Скорый 1982 6 13 7 27 120 0 5
Товарный 1982 6 13 7 41 101 1 11
Скорый 1982 6 13 7 52 104 2 1
Пассажирский 1982 6 13 8 12 120 0 8
Товарный 1982 6 13 8 18 123 1 7
Скорый 1982 6 13 9 34 109 2 11
Товарный 1982 6 13 9 41 101 2 17
Скорый 1982 6 13 9 53 104 0 19
Пассажирский 1982 6 13 9 53 120 0 20
Пассажирский 1982 6 14 4 0 106 2 9
Пассажирский 1982 6 14 4 8 115 0 15
Пассажирский 1982 6 14 4 45 101 2 22
Пассажирский 1982 6 14 5 12 108 1 2
Пассажирский 1982 6 14 6 7 107 2 7
Пассажирский 1982 6 14 6 26 114 1 20
Товарный 1982 6 14 6 27 109 1 7
Товарный 1982 6 14 7 12 108 2 20
Скорый 1982 6 14 7 38 114 2 0
Товарный 1982 6 14 7 39 102 2 14
Товарный 1982 6 14 8 32 114 2 10
Скорый 1982 6 14 8 47 101 0 12
Товарный 1982 6 14 9 7 114 2 2
Скорый 1982 6 14 9 10 102 2 8
Товарный 1982 6 14 9 43 120 0 17
Товарный 1982 6 15 4 23 99 0 18
Скорый 1982 6 15 5 32 102 2 13
Скорый 1982 6 15 5 36 119 0 16
Пассажирский 1982 6 15 5 43 109 2 8
Пассажирский 1982 6 15 5 47 106 0 13
Скорый 1982 6 15 6 6 106 2 2
Скорый 1982 6 15 6 12 106 2 6
Скорый 1982 6 15 6 16 108 0 5
Товарный 1982 6 15 6 19 121 1 19
Пассажирский 1982 6 15 6 26 119 1 0
Пассажирский 1982 6 15 6 45 100 2 7
Пассажирский 1982 6 15 6 52 107 1 7
Скорый 1982 6 15 7 15 113 0 4
Скорый 1982 6 15 7 39 102 2 9
Пассажирский 1982 6 15 7 50 123 0 8
Пассажирский 1982 6 15 8 12 105 2 12
Товарный 1982 6 15 8 34 105 2 19
Товарный 1982 6 15 8 56 105 0 10
Товарный 1982 6 15 9 35 107 1 4
Товарный 1982 6 16 4 48 105 0 10
Пассажирский 1982 6 16 4 53 111 2 21
Скорый 1982 6 16 4 58 106 1 19
Пассажирский 1982 6 16 5 24 111 1 13
Скорый 1982 6 16 5 41 120 2 9
Товарный 1982 6 16 6 0 113 2 17
Пассажирский 1982 6 16 6 38 101 2 7
Скорый 1982 6 16 6 51 107 2 1
Скорый 1982 6 16 6 59 122 2 14
Пассажирский 1982 6 16 7 9 119 0 20
Товарный 1982 6 16 7 25 104 2 9
Скорый 1982 6 16 7 48 109 0 17
Товарный 1982 6 16 8 10 99 0 5
Товарный 1982 6 16 8 28 107 2 23
Товарный 1982 6 16 8 31 119 2 2
Скорый 1982 6 16 8 52 107 1 1
Товарный 1982 6 16 8 53 121 0 3
Товарный 1982 6 16 9 10 111 2 11
Скорый 1982 6 16 9 13 120 1 10
Скорый 1982 6 17 4 17 99 2 3
Скорый 1982 6 17 5 5 121 1 18
Товарный 1982 6 17 5 53 111 0 23
Пассажирский 1982 6 17 6 25 100 2 5
Пассажирский 1982 6 17 7 32 105 0 4
Скорый 1982 6 17 7 34 101 0 6
Товарный 1982 6 17 7 42 122 1 1
Пассажирский 1982 6 17 7 48 100 0 18
Скорый 1982 6 17 8 50 112 2 7
Скорый 1982 6 17 9 6 117 2 14
Товарный 1982 6 17 9 12 121 2 16
Товарный 1982 6 17 9 31 103 0 10
Скорый 1982 6 17 9 54 112 1 22
Товарный 1982 6 18 4 40 116 2 3
Пассажирский 1982 6 18 4 48 116 1 21
Товарный 1982 6 18 4 49 113 1 13
Скорый 1982 6 18 4 56 105 2 12
Скорый 1982 6 18 5 13 113 2 17
Товарный 1982 6 18 5 24 104 1 4
Скорый 1982 6 18 5 25 108 1 2
Товарный 1982 6 18 5 38 109 0 14
Скорый 1982 6 18 5 45 111 0 9
Пассажирский 1982 6 18 6 3 120 0 1
Пассажирский 1982 6 18 6 9 116 2 5
Пассажирский 1982 6 18 7 15 104 1 4
Скорый 1982 6 18 7 16 106 2 17
Товарный 1982 6 18 7 42 116 0 22
Пассажирский 1982 6 18 7 47 99 0 10
Скорый 1982 6 18 7 55 102 2 23
Пассажирский 1982 6 18 8 25 119 2 2
Скорый 1982 6 18 8 27 110 0 16
Товарный 1982 6 18 8 36 102 2 7
Скорый 1982 6 18 9 21 121 1 21
Скорый 1982 6 18 9 30 120 2 20
Товарный 1982 6 18 9 34 120 1 6
Пассажирский 1982 6 18 9 40 108 2 13
Товарный 1982 6 18 9 41 101 1 17
Скорый 1982 6 18 9 54 102 1 11
Пассажирский 1982 6 19 4 40 103 2 3
Скорый 1982 6 19 4 56 105 1 5
Пассажирский 1982 6 19 4 58 117 2 7
Товарный 1982 6 19 5 4 113 1 14
Товарный 1982 6 19 5 46 106 2 5
Скорый 1982 6 19 6 20 101 2 9
Товарный 1982 6 19 6 51 107 2 23
Товарный 1982 6 19 7 40 118 2 18
Скорый 1982 6 19 7 54 105 2 19
Скорый 1982 6 19 8 14 123 1 20
Пассажирский 1982 6 19 8 25 123 0 22
Товарный 1982 6 19 8 35 108 1 5
Скорый 1982 6 19 9 3 100 0 4
Товарный 1982 6 19 9 3 108 1 13
Товарный 1982 6 19 9 3 114 1 1
Товарный 1982 6 19 9 7 110 0 0
Пассажирский 1982 6 19 9 11 122 0 12
Товарный 1982 6 19 9 34 122 2 17
Пассажирский 1982 6 20 4 14 107 0 16
Товарный 1982 6 20 4 45 114 1 13
Скорый 1982 6 20 4 45 119 2 0
Пассажирский 1982 6 20 6 3 114 1 21
Пассажирский 1982 6 20 7 17 99 2 20
Скорый 1982 6 20 7 35 114 1 18
Скорый 1982 6 20 7 37 101 2 21
Пассажирский 1982 6 20 8 19 117 2 6
Товарный 1982 6 20 8 39 102 1 18
Пассажирский 1982 6 20 8 59 117 1 13
Товарный 1982 6 20 9 4 111 2 2
Товарный 1982 6 20 9 24 114 2 5
Пассажирский 1982 6 20 9 49 101 2 9
Товарный 1982 6 20 9 50 121 2 20
Товарный 1982 6 21 4 59 111 1 10
Товарный 1982 6 21 5 18 107 1 21
Скорый 1982 6 21 5 20 115 0 20
Скорый 1982 6 21 5 28 116 1 15
Товарный 1982 6 21 5 35 120 0 5
Товарный 1982 6 21 5 59 110 0 15
Пассажирский 1982 6 21 6 16 121 2 23
Пассажирский 1982 6 21 6 45 123 1 7
Пассажирский 1982 6 21 7 20 123 0 19
Пассажирский 1982 6 21 8 32 106 1 4
Товарный 1982 6 21 8 36 112 0 16
Пассажирский 1982 6 21 8 59 115 1 19
Товарный 1982 6 21 9 18 107 0 4
Пассажирский 1982 6 21 9 40 122 2 21
Пассажирский 1982 6 21 9 51 101 2 5
Скорый 1982 7 10 4 14 101 1 22
Скорый 1982 7 10 4 20 105 0 18
Пассажирский 1982 7 10 4 25 112 2 19
Пассажирский 1982 7 10 5 13 118 0 7
Пассажирский 1982 7 10 5 14 102 1 15
Товарный 1982 7 10 5 14 109 1 15
Пассажирский 1982 7 10 5 18 99 2 10
Пассажирский 1982 7 10 5 21 114 2 12
Скорый 1982 7 10 5 31 112 2 23
Товарный 1982 7 10 5 47 112 1 17
Скорый 1982 7 10 5 48 109 2 6
Товарный 1982 7 10 5 53 107 1 11
Скорый 1982 7 10 5 58 114 1 14
Пассажирский 1982 7 10 6 17 105 2 17
Скорый 1982 7 10 6 48 118 2 13
Скорый 1982 7 10 6 50 121 0 4
Пассажирский 1982 7 10 7 27 112 2 22
Скорый 1982 7 10 7 32 103 2 11
Скорый 1982 7 10 7 37 116 2 4
Скорый 1982 7 10 7 43 106 1 17
Товарный 1982 7 10 7 52 103 2 11
Пассажирский 1982 7 10 7 58 106 2 20
Скорый 1982 7 10 8 1 106 2 19
Скорый 1982 7 10 8 6 122 1 3
Скорый 1982 7 10 8 27 104 1 8
Пассажирский 1982 7 10 8 36 117 1 17
Скорый 1982 7 10 8 44 107 1 7
Скорый 1982 7 10 8 54 105 2 20
Товарный 1982 7 10 9 11 120 0 15
Пассажирский 1982 7 10 9 26 106 0 7
Скорый 1982 7 11 4 10 122 1 18
Пассажирский 1982 7 11 4 11 123 0 14
Товарный 1982 7 11 4 30 106 1 5
Товарный 1982 7 11 5 3 123 0 16
Пассажирский 1982 7 11 5 43 121 2 11
Скорый 1982 7 11 5 49 103 0 21
Товарный 1982 7 11 5 52 112 2 2
Товарный 1982 7 11 5 53 120 0 3
Пассажирский 1982 7 11 5 58 122 2 4
Товарный 1982 7 11 6 6 104 1 3
Пассажирский 1982 7 11 7 20 105 2 23
Скорый 1982 7 11 7 27 106 1 23
Товарный 1982 7 11 7 36 116 0 11
Пассажирский 1982 7 11 7 54 109 2 19
Скорый 1982 7 11 8 36 103 1 1
Скорый 1982 7 11 8 37 121 2 4
Пассажирский 1982 7 11 9 34 104 0 13
Товарный 1982 7 11 9 39 122 0 9
Скорый 1982 7 12 4 6 110 0 0
Пассажирский 1982 7 12 4 10 111 1 23
Товарный 1982 7 12 4 14 118 0 22
Скорый 1982 7 12 4 32 106 2 14
Скорый 1982 7 12 4 35 123 0 18
Товарный 1982 7 12 5 1 102 0 2
Скорый 1982 7 12 5 19 105 0 8
Пассажирский 1982 7 12 5 23 102 2 7
Скорый 1982 7 12 5 35 103 1 7
Пассажирский 1982 7 12 5 43 100 0 4
Пассажирский 1982 7 12 5 49 99 0 15
Скорый 1982 7 12 5 58 102 1 10
Пассажирский 1982 7 12 5 58 110 1 16
Пассажирский 1982 7 12 6 0 121 0 14
Скорый 1982 7 12 6 19 107 1 15
Пассажирский 1982 7 12 6 25 106 0 3
Товарный 1982 7 12 8 34 105 0 1
Пассажирский 1982 7 12 8 51 116 2 11
Товарный 1982 7 12 9 1 118 0 8
Скорый 1982 7 12 9 13 106 2 8
Пассажирский 1982 7 12 9 25 106 0 0
Пассажирский 1982 7 13 4 18 108 0 10
Скорый 1982 7 13 4 19 113 0 10
Товарный 1982 7 13 4 43 105 1 10
Скорый 1982 7 13 4 44 104 2 14
Пассажирский 1982 7 13 4 57 108 0 3
Пассажирский 1982 7 13 4 58 102 1 6
Пассажирский 1982 7 13 5 0 121 1 5
Скорый 1982 7 13 5 3 117 2 8
Пассажирский 1982 7 13 5 13 121 1 12
Пассажирский 1982 7 13 5 15 107 2 2
Пассажирский 1982 7 13 5 23 117 1 17
Скорый 1982 7 13 5 24 121 0 21
Пассажирский 1982 7 13 5 35 109 0 23
Товарный 1982 7 13 6 22 107 2 8
Скорый 1982 7 13 6 56 99 1 17
Пассажирский 1982 7 13 7 11 102 0 13
Товарный 1982 7 13 7 14 109 2 8
Товарный 1982 7 13 7 44 108 1 7
Товарный 1982 7 13 7 53 117 0 23
Товарный 1982 7 13 7 53 122 1 2
Пассажирский 1982 7 13 8 29 117 0 20
Товарный 1982 7 13 9 52 112 1 5
Пассажирский 1982 7 14 4 3 110 0 23
Товарный 1982 7 14 4 47 102 1 13
Пассажирский 1982 7 14 5 8 117 0 20
Пассажирский 1982 7 14 5 19 116 1 16
Пассажирский 1982 7 14 5 25 115 2 0
Пассажирский 1982 7 14 5 58 99 1 1
Пассажирский 1982 7 14 5 58 108 0 11
Товарный 1982 7 14 6 12 117 1 23
Скорый 1982 7 14 6 26 119 0 20
Товарный 1982 7 14 6 32 115 1 17
Пассажирский 1982 7 14 7 28 119 1 9
Товарный 1982 7 14 7 38 119 2 6
Пассажирский 1982 7 14 7 41 123 2 12
Товарный 1982 7 14 7 45 109 2 19
Скорый 1982 7 14 7 53 113 0 0
Скорый 1982 7 14 8 14 107 0 16
Товарный 1982 7 14 8 26 112 1 2
Скорый 1982 7 14 8 42 116 1 6
Скорый 1982 7 14 9 8 99 2 6
Пассажирский 1982 7 14 9 23 109 1 20
Скорый 1982 7 14 9 39 120 1 13
Скорый 1982 7 15 4 1 110 2 4
Товарный 1982 7 15 4 5 101 0 2
Скорый 1982 7 15 5 2 109 0 5
Пассажирский 1982 7 15 5 7 119 1 14
Товарный 1982 7 15 5 15 109 2 10
Товарный 1982 7 15 5 17 109 0 13
Товарный 1982 7 15 5 31 118 2 14
Товарный 1982 7 15 5 32 107 1 7
Товарный 1982 7 15 6 28 105 0 8
Товарный 1982 7 15 6 44 103 0 0
Товарный 1982 7 15 6 47 112 2 13
Пассажирский 1982 7 15 7 0 100 2 19
Скорый 1982 7 15 7 19 118 1 6
Скорый 1982 7 15 7 20 120 0 10
Товарный 1982 7 15 7 35 115 1 16
Товарный 1982 7 15 7 44 117 0 17
Пассажирский 1982 7 15 7 54 103 1 11
Пассажирский 1982 7 15 7 55 117 1 3
Товарный 1982 7 15 8 13 121 0 9
Скорый 1982 7 15 9 19 107 2 0
Товарный 1982 7 15 9 45 103 2 13
Пассажирский 1982 7 15 9 59 99 0 19
Товарный 1982 7 16 4 0 119 0 14
Скорый 1982 7 16 4 14 115 1 13
Скорый 1982 7 16 4 36 109 1 16
Товарный 1982 7 16 4 50 121 2 12
Пассажирский 1982 7 16 5 12 107 2 22
Пассажирский 1982 7 16 5 34 121 2 21
Товарный 1982 7 16 5 37 104 0 5
Скорый 1982 7 16 5 41 113 2 22
Скорый 1982 7 16 5 49 101 0 20
Скорый 1982 7 16 7 9 122 1 1
Пассажирский 1982 7 16 7 22 115 0 8
Товарный 1982 7 16 7 37 117 2 14
Скорый 1982 7 16 7 41 100 2 18
Товарный 1982 7 16 8 13 108 2 6
Товарный 1982 7 16 8 29 119 2 12
Пассажирский 1982 7 16 8 49 119 1 5
Товарный 1982 7 17 4 1 110 1 1
Скорый 1982 7 17 4 15 110 1 1
Скорый 1982 7 17 4 35 103 0 3
Товарный 1982 7 17 5 2 111 0 5
Скорый 1982 7 17 5 13 102 0 22
Скорый 1982 7 17 6 2 115 2 13
Пассажирский 1982 7 17 6 25 104 1 8
Скорый 1982 7 17 6 38 106 2 10
Пассажирский 1982 7 17 6 49 107 2 11
Пассажирский 1982 7 17 7 12 120 1 9
Товарный 1982 7 17 7 15 106 0 19
Скорый 1982 7 17 7 35 106 1 16
Скорый 1982 7 17 8 10 102 0 18
Товарный 1982 7 17 8 28 122 0 15
Товарный 1982 7 17 8 35 119 2 23
Скорый 1982 7 17 8 40 104 0 0
Товарный 1982 7 17 8 59 123 2 13
Скорый 1982 7 17 9 15 106 2 1
Пассажирский 1982 7 18 4 49 118 0 17
Товарный 1982 7 18 5 49 120 2 14
Скорый 1982 7 18 6 5 101 0 8
Товарный 1982 7 18 6 30 116 0 23
Пассажирский 1982 7 18 7 3 115 1 11
Пассажирский 1982 7 18 7 16 105 0 0
Скорый 1982 7 18 7 32 113 1 7
Товарный 1982 7 18 7 46 116 2 4
Товарный 1982 7 18 8 5 99 2 3
Скорый 1982 7 18 8 7 103 2 4
Пассажирский 1982 7 18 8 10 103 2 11
Скорый 1982 7 18 8 12 115 1 1
Товарный 1982 7 18 8 51 114 0 18
Пассажирский 1982 7 19 4 4 99 0 23
Товарный 1982 7 19 4 6 113 0 1
Пассажирский 1982 7 19 4 37 109 2 2
Товарный 1982 7 19 5 14 99 1 3
Скорый 1982 7 19 5 55 115 0 2
Товарный 1982 7 19 6 8 107 1 17
Товарный 1982 7 19 6 9 108 0 22
Скорый 1982 7 19 6 59 112 0 1
Скорый 1982 7 19 7 1 122 2 3
Пассажирский 1982 7 19 7 2 99 2 0
Товарный 1982 7 19 7 37 111 2 6
Скорый 1982 7 19 8 12 99 2 9
Пассажирский 1982 7 19 8 22 107 1 4
Скорый 1982 7 19 8 40 108 0 20
Скорый 1982 7 19 8 45 104 0 9
Скорый 1982 7 19 9 48 99 1 15
Товарный 1982 7 19 9 56 106 1 2
Товарный 1982 7 19 9 57 118 0 0
Скорый 1982 7 20 4 3 101 2 13
Товарный 1982 7 20 4 9 121 1 12
Пассажирский 1982 7 20 4 29 113 2 7
Товарный 1982 7 20 5 39 113 2 3
Товарный 1982 7 20 5 45 104 1 14
Товарный 1982 7 20 5 49 102 2 1
Пассажирский 1982 7 20 5 49 118 0 16
Скорый 1982 7 20 5 57 111 0 16
Товарный 1982 7 20 6 5 114 0 6
Скорый 1982 7 20 6 11 119 1 6
Пассажирский 1982 7 20 7 15 120 0 21
Пассажирский 1982 7 20 7 27 117 0 22
Товарный 1982 7 20 7 33 118 2 4
Товарный 1982 7 20 8 15 116 2 11
Товарный 1982 7 20 8 54 117 2 19
Пассажирский 1982 7 20 8 59 117 2 6
Пассажирский 1982 7 20 9 3 110 1 14
Товарный 1982 7 20 9 9 107 2 11
Пассажирский 1982 7 20 9 38 123 1 12
Скорый 1982 7 20 9 51 123 1 6
Скорый 1982 7 21 4 15 119 2 3
Скорый 1982 7 21 5 15 106 1 5
Товарный 1982 7 21 5 20 99 2 17
Пассажирский 1982 7 21 6 14 99 1 20
Скорый 1982 7 21 6 17 116 1 14
Пассажирский 1982 7 21 6 26 105 2 22
Товарный 1982 7 21 7 16 112 0 18
Скорый 1982 7 21 7 50 107 0 8
Пассажирский 1982 7 21 8 24 117 0 19
Товарный 1982 7 21 8 31 116 0 7
Товарный 1982 7 21 8 35 111 1 0
Товарный 1982 7 21 9 2 106 2 3
Пассажирский 1982 7 21 9 13 113 2 12
Пассажирский 1982 7 21 9 26 100 0 10
Товарный 1982 7 21 9 48 122 0 9
Пассажирский 1982 8 10 4 1 116 2 0
Скорый 1982 8 10 4 27 114 1 6
Пассажирский 1982 8 10 4 32 120 2 4
Товарный 1982 8 10 4 40 99 0 13
Скорый 1982 8 10 4 43 115 1 6
Товарный 1982 8 10 4 49 122 0 18
Товарный 1982 8 10 4 52 110 0 8
Скорый 1982 8 10 5 20 123 2 12
Пассажирский 1982 8 10 5 21 119 2 7
Товарный 1982 8 10 5 41 118 2 22
Пассажирский 1982 8 10 6 1 120 2 11
Товарный 1982 8 10 6 13 104 1 22
Пассажирский 1982 8 10 6 44 115 1 13
Скорый 1982 8 10 6 56 103 2 3
Скорый 1982 8 10 7 9 114 1 1
Скорый 1982 8 10 7 21 112 1 11
Пассажирский 1982 8 10 7 27 119 1 10
Скорый 1982 8 10 7 49 120 2 10
Скорый 1982 8 10 7 55 101 0 19
Товарный 1982 8 10 7 56 100 0 21
Пассажирский 1982 8 10 8 26 99 1 1
Скорый 1982 8 10 9 6 110 2 8
Товарный 1982 8 10 9 7 108 2 7
Скорый 1982 8 10 9 9 120 1 12
Скорый 1982 8 10 9 23 120 0 20
Скорый 1982 8 11 4 8 113 2 9
Пассажирский 1982 8 11 4 11 115 1 17
Пассажирский 1982 8 11 4 15 102 2 6
Скорый 1982 8 11 4 30 104 2 4
Товарный 1982 8 11 4 33 119 0 14
Скорый 1982 8 11 4 39 113 1 5
Товарный 1982 8 11 4 54 104 1 5
Товарный 1982 8 11 5 9 122 0 7
Пассажирский 1982 8 11 5 11 119 0 19
Пассажирский 1982 8 11 6 5 107 2 9
Пассажирский 1982 8 11 6 28 99 0 20
Товарный 1982 8 11 7 33 111 1 2
Пассажирский 1982 8 11 7 45 106 0 9
Товарный 1982 8 11 7 53 99 1 0
Скорый 1982 8 11 8 19 105 1 2
Пассажирский 1982 8 11 8 40 104 0 7
Товарный 1982 8 11 8 43 119 2 22
Скорый 1982 8 11 9 28 104 1 18
Пассажирский 1982 8 11 9 29 112 2 3
Скорый 1982 8 11 9 31 107 0 5
Пассажирский 1982 8 12 4 21 106 0 1
Товарный 1982 8 12 4 23 106 0 11
Товарный 1982 8 12 4 27 121 0 10
Товарный 1982 8 12 4 39 112 2 18
Пассажирский 1982 8 12 5 1 104 0 18
Товарный 1982 8 12 5 7 110 0 5
Товарный 1982 8 12 5 9 123 0 20
Пассажирский 1982 8 12 5 12 103 2 16
Пассажирский 1982 8 12 5 12 116 1 9
Скорый 1982 8 12 6 1 117 2 18
Товарный 1982 8 12 6 36 112 2 13
Скорый 1982 8 12 7 21 118 1 18
Товарный 1982 8 12 8 1 102 2 19
Пассажирский 1982 8 12 8 11 123 0 7
Пассажирский 1982 8 12 8 20 112 1 22
Пассажирский 1982 8 12 8 24 122 1 3
Товарный 1982 8 12 8 54 101 1 20
Пассажирский 1982 8 12 9 0 116 1 10
Пассажирский 1982 8 12 9 23 116 2 19
Пассажирский 1982 8 12 9 46 110 2 11
Пассажирский 1982 8 13 4 6 109 2 2
Скорый 1982 8 13 5 4 106 2 21
Скорый 1982 8 13 5 10 104 0 8
Скорый 1982 8 13 5 14 121 1 15
Скорый 1982 8 13 5 33 107 0 3
Товарный 1982 8 13 5 38 118 2 19
Пассажирский 1982 8 13 5 45 105 0 16
Пассажирский 1982 8 13 6 8 103 2 20
Пассажирский 1982 8 13 6 12 102 1 11
Скорый 1982 8 13 6 40 101 0 12
Пассажирский 1982 8 13 7 27 110 0 14
Скорый 1982 8 13 7 31 107 1 9
Пассажирский 1982 8 13 7 31 117 2 12
Пассажирский 1982 8 13 7 33 105 2 12
Товарный 1982 8 13 7 46 113 0 12
Товарный 1982 8 13 9 6 113 1 17
Пассажирский 1982 8 13 9 45 112 2 4
Скорый 1982 8 14 4 5 120 0 8
Пассажирский 1982 8 14 4 7 123 1 21
Пассажирский 1982 8 14 4 9 114 0 21
Пассажирский 1982 8 14 4 24 113 1 2
Скорый 1982 8 14 4 41 121 0 23
Товарный 1982 8 14 4 42 121 0 22
Пассажирский 1982 8 14 4 43 99 1 22
Пассажирский 1982 8 14 4 48 121 2 12
Пассажирский 1982 8 14 4 59 108 2 6
Товарный 1982 8 14 5 32 115 0 23
Пассажирский 1982 8 14 6 16 102 2 4
Пассажирский 1982 8 14 6 17 117 0 12
Пассажирский 1982 8 14 6 59 119 2 8
Товарный 1982 8 14 7 3 116 0 18
Пассажирский 1982 8 14 7 25 116 1 20
Скорый 1982 8 14 7 36 116 1 5
Товарный 1982 8 14 7 58 110 2 22
Товарный 1982 8 14 8 1 112 1 1
Товарный 1982 8 14 8 4 117 2 14
Товарный 1982 8 14 8 57 99 0 4
Товарный 1982 8 14 9 7 113 1 4
Скорый 1982 8 14 9 22 108 0 15
Товарный 1982 8 15 4 14 112 0 4
Скорый 1982 8 15 4 45 119 0 18
Пассажирский 1982 8 15 4 51 109 0 12
Пассажирский 1982 8 15 5 0 99 0 16
Пассажирский 1982 8 15 5 5 116 0 10
Скорый 1982 8 15 5 57 108 0 5
Товарный 1982 8 15 6 23 106 0 1
Пассажирский 1982 8 15 6 24 103 1 1
Товарный 1982 8 15 7 5 116 2 9
Товарный 1982 8 15 7 13 120 0 9
Скорый 1982 8 15 7 52 99 1 21
Скорый 1982 8 15 8 5 111 1 3
Товарный 1982 8 15 8 5 120 1 13
Пассажирский 1982 8 15 8 16 102 0 16
Товарный 1982 8 15 8 37 112 2 18
Товарный 1982 8 15 8 41 100 0 20
Товарный 1982 8 15 8 50 122 2 3
Товарный 1982 8 15 8 56 117 0 21
Товарный 1982 8 15 9 33 123 0 13
Скорый 1982 8 15 9 53 114 0 19
Товарный 1982 8 15 9 54 123 1 11
Товарный 1982 8 16 4 32 107 2 4
Скорый 1982 8 16 5 1 115 1 15
Товарный 1982 8 16 5 3 110 2 21
Товарный 1982 8 16 5 31 110 0 1
Пассажирский 1982 8 16 6 42 117 2 9
Пассажирский 1982 8 16 7 13 114 1 14
Товарный 1982 8 16 7 13 119 2 20
Пассажирский 1982 8 16 7 35 113 1 16
Товарный 1982 8 16 8 0 111 0 15
Скорый 1982 8 16 8 7 120 2 10
Товарный 1982 8 16 8 25 103 0 22
Товарный 1982 8 16 8 51 122 2 1
Скорый 1982 8 16 8 54 102 2 4
Товарный 1982 8 16 9 9 100 0 4
Товарный 1982 8 16 9 11 110 0 6
Скорый 1982 8 16 9 56 114 1 23
Пассажирский 1982 8 16 9 57 104 0 5
Скорый 1982 8 17 4 5 118 0 5
Пассажирский 1982 8 17 4 22 116 1 13
Скорый 1982 8 17 4 22 120 1 2
Скорый 1982 8 17 4 38 122 1 6
Пассажирский 1982 8 17 5 44 109 1 20
Пассажирский 1982 8 17 6 8 109 0 8
Скорый 1982 8 17 6 17 102 0 7
Товарный 1982 8 17 6 50 101 0 8
Товарный 1982 8 17 7 15 100 2 2
Пассажирский 1982 8 17 7 36 112 1 18
Скорый 1982 8 17 7 39 118 1 2
Пассажирский 1982 8 17 8 7 107 2 15
Товарный 1982 8 17 8 27 118 1 14
Пассажирский 1982 8 17 8 37 123 2 2
Пассажирский 1982 8 17 8 56 110 1 9
Пассажирский 1982 8 17 9 4 111 1 12
Товарный 1982 8 17 9 8 109 0 17
Скорый 1982 8 17 9 47 120 1 8
Товарный 1982 8 18 4 8 103 1 14
Пассажирский 1982 8 18 4 38 115 0 4
Товарный 1982 8 18 5 7 119 0 18
Товарный 1982 8 18 5 34 99 0 19
Пассажирский 1982 8 18 7 2 108 0 4
Скорый 1982 8 18 7 3 103 2 23
Скорый 1982 8 18 7 34 104 2 3
Товарный 1982 8 18 8 2 100 0 19
Товарный 1982 8 18 9 26 115 2 20
Товарный 1982 8 18 9 27 104 2 16
Скорый 1982 8 18 9 28 103 0 3
Скорый 1982 8 18 9 36 104 0 7
Скорый 1982 8 19 4 11 112 2 9
Скорый 1982 8 19 4 37 103 2 19
Товарный 1982 8 19 4 46 112 2 5
Товарный 1982 8 19 4 55 113 1 21
Скорый 1982 8 19 5 14 104 2 14
Пассажирский 1982 8 19 5 56 120 0 14
Скорый 1982 8 19 6 38 107 0 8
Пассажирский 1982 8 19 7 22 115 1 2
Скорый 1982 8 19 7 25 110 0 2
Скорый 1982 8 19 7 25 116 2 15
Товарный 1982 8 19 7 34 119 0 14
Скорый 1982 8 19 7 59 111 2 2
Товарный 1982 8 19 9 37 111 1 18
Товарный 1982 8 19 9 42 101 2 18
Пассажирский 1982 8 19 9 55 122 2 2
Пассажирский 1982 8 19 9 58 104 0 22
Скорый 1982 8 20 4 4 103 1 15
Товарный 1982 8 20 4 58 114 2 22
Скорый 1982 8 20 5 4 101 2 1
Товарный 1982 8 20 5 8 107 0 11
Скорый 1982 8 20 5 12 101 1 4
Товарный 1982 8 20 5 31 120 2 10
Пассажирский 1982 8 20 5 34 120 2 11
Товарный 1982 8 20 5 35 106 1 16
Скорый 1982 8 20 6 36 118 0 22
Скорый 1982 8 20 7 1 101 2 10
Товарный 1982 8 20 7 37 109 0 12
Скорый 1982 8 20 7 49 121 1 10
Товарный 1982 8 20 9 14 115 1 19
Скорый 1982 8 20 9 30 109 0 14
Скорый 1982 8 21 4 22 99 2 14
Товарный 1982 8 21 4 24 102 0 0
Товарный 1982 8 21 5 55 114 2 16
Товарный 1982 8 21 6 13 113 0 23
Скорый 1982 8 21 7 26 107 0 7
Пассажирский 1982 8 21 7 27 113 2 1
Скорый 1982 8 21 7 31 108 2 6
Скорый 1982 8 21 7 59 104 0 7
Пассажирский 1982 8 21 8 15 118 1 13
Пассажирский 1982 8 21 8 29 115 2 5
Товарный 1982 8 21 9 0 106 0 22
Товарный 1982 8 21 9 13 121 0 0
Товарный 1982 8 21 9 23 107 2 7
Скорый 1982 8 21 9 36 115 2 0
Товарный 1982 8 21 9 51 107 1 14
Товарный 1983 6 10 4 7 116 2 8
Товарный 1983 6 10 4 11 99 0 22
Товарный 1983 6 10 4 54 105 2 6
Скорый 1983 6 10 5 10 99 2 2
Скорый 1983 6 10 5 22 107 2 15
Пассажирский 1983 6 10 5 55 105 1 7
Скорый 1983 6 10 6 10 113 1 6
Скорый 1983 6 10 6 27 121 2 11
Товарный 1983 6 10 6 34 99 2 11
Пассажирский 1983 6 10 6 39 115 0 2
Товарный 1983 6 10 6 54 111 0 5
Товарный 1983 6 10 6 58 99 1 12
Товарный 1983 6 10 7 36 110 0 23
Пассажирский 1983 6 10 7 57 99 1 10
Пассажирский 1983 6 10 8 16 112 1 3
Пассажирский 1983 6 10 8 34 122 1 13
Товарный 1983 6 10 8 36 99 1 8
Скорый 1983 6 10 8 42 112 2 15
Товарный 1983 6 10 8 42 121 2 10
Товарный 1983 6 10 8 49 113 2 15
Скорый 1983 6 10 9 5 122 0 5
Товарный 1983 6 10 9 8 103 1 21
Товарный 1983 6 10 9 17 113 0 17
Скорый 1983 6 10 9 22 99 2 1
Пассажирский 1983 6 10 9 24 107 2 16
Пассажирский 1983 6 10 9 25 111 1 14
Пассажирский 1983 6 10 9 28 101 1 6
Пассажирский 1983 6 10 9 35 107 1 21
Пассажирский 1983 6 11 4 18 119 2 23
Пассажирский 1983 6 11 4 25 110 1 9
Товарный 1983 6 11 6 4 104 1 3
Скорый 1983 6 11 6 29 112 1 16
Товарный 1983 6 11 6 35 116 0 2
Товарный 1983 6 11 6 36 106 1 22
Товарный 1983 6 11 7 6 100 1 3
Скорый 1983 6 11 7 10 117 2 3
Товарный 1983 6 11 7 11 102 2 4
Скорый 1983 6 11 7 52 119 0 10
Пассажирский 1983 6 11 8 0 109 1 8
Пассажирский 1983 6 11 8 15 109 0 12
Товарный 1983 6 11 8 20 100 2 6
Пассажирский 1983 6 11 8 25 99 2 13
Товарный 1983 6 11 9 11 114 1 18
Скорый 1983 6 11 9 14 104 2 23
Скорый 1983 6 11 9 22 115 0 12
Скорый 1983 6 11 9 23 121 1 21
Скорый 1983 6 11 9 58 116 0 21
Товарный 1983 6 12 4 12 101 1 20
Скорый 1983 6 12 4 42 121 2 12
Скорый 1983 6 12 4 53 103 1 11
Пассажирский 1983 6 12 5 0 120 2 19
Пассажирский 1983 6 12 5 15 111 2 0
Пассажирский 1983 6 12 5 37 110 1 23
Товарный 1983 6 12 6 9 111 1 2
Скорый 1983 6 12 6 15 110 1 11
Пассажирский 1983 6 12 6 40 108 1 12
Пассажирский 1983 6 12 6 50 123 1 15
Пассажирский 1983 6 12 7 1 116 0 20
Товарный 1983 6 12 7 52 99 0 7
Скорый 1983 6 12 7 59 99 1 15
Скорый 1983 6 12 8 12 120 1 8
Скорый 1983 6 12 8 50 112 1 6
Скорый 1983 6 12 8 51 119 2 12
Скорый 1983 6 12 8 52 122 1 0
Товарный 1983 6 12 9 7 116 1 10
Товарный 1983 6 12 9 17 116 2 1
Пассажирский 1983 6 12 9 41 104 1 7
Скорый 1983 6 12 9 41 105 0 17
Скорый 1983 6 13 4 4 123 0 11
Пассажирский 1983 6 13 4 20 121 0 22
Товарный 1983 6 13 5 7 116 0 11
Товарный 1983 6 13 5 27 119 2 12
Пассажирский 1983 6 13 6 21 115 2 6
Товарный 1983 6 13 6 34 112 2 11
Скорый 1983 6 13 6 34 123 1 8
Товарный 1983 6 13 6 58 110 0 7
Скорый 1983 6 13 7 9 103 2 11
Скорый 1983 6 13 7 16 107 1 3
Товарный 1983 6 13 7 53 103 2 5
Товарный 1983 6 13 7 56 109 1 1
Пассажирский 1983 6 13 8 45 109 1 10
Пассажирский 1983 6 13 8 51 123 1 3
Пассажирский 1983 6 13 9 1 113 0 20
Товарный 1983 6 13 9 12 109 2 18
Скорый 1983 6 13 9 13 108 1 0
Пассажирский 1983 6 13 9 15 99 0 10
Пассажирский 1983 6 14 4 12 103 0 15
Скорый 1983 6 14 4 28 104 0 3
Скорый 1983 6 14 4 46 106 2 9
Пассажирский 1983 6 14 5 12 113 2 2
Пассажирский 1983 6 14 5 22 123 0 21
Пассажирский 1983 6 14 5 55 110 1 5
Товарный 1983 6 14 6 19 121 0 22
Пассажирский 1983 6 14 6 22 103 2 19
Товарный 1983 6 14 6 52 108 0 18
Скорый 1983 6 14 8 32 108 0 15
Товарный 1983 6 14 8 50 115 0 8
Пассажирский 1983 6 14 9 15 123 2 21
Товарный 1983 6 15 4 10 112 1 11
Скорый 1983 6 15 4 15 100 2 21
Скорый 1983 6 15 4 28 117 1 1
Скорый 1983 6 15 5 4 104 1 2
Скорый 1983 6 15 5 10 111 2 9
Пассажирский 1983 6 15 5 11 101 2 23
Товарный 1983 6 15 6 13 118 0 13
Скорый 1983 6 15 6 23 106 2 2
Пассажирский 1983 6 15 6 24 110 1 17
Товарный 1983 6 15 6 25 123 2 9
Скорый 1983 6 15 6 26 112 2 8
Пассажирский 1983 6 15 7 23 99 0 22
Скорый 1983 6 15 7 24 114 1 20
Товарный 1983 6 15 7 24 118 2 11
Товарный 1983 6 15 7 25 101 1 13
Товарный 1983 6 15 7 40 122 1 14
Товарный 1983 6 15 8 20 118 0 12
Товарный 1983 6 15 8 25 121 0 12
Скорый 1983 6 15 8 42 123 1 19
Скорый 1983 6 15 9 19 117 2 4
Пассажирский 1983 6 15 9 22 118 0 13
Товарный 1983 6 16 4 0 120 2 17
Пассажирский 1983 6 16 4 12 112 2 3
Скорый 1983 6 16 4 38 109 1 11
Скорый 1983 6 16 4 38 123 0 14
Скорый 1983 6 16 4 44 103 2 14
Скорый 1983 6 16 4 55 111 1 7
Пассажирский 1983 6 16 5 10 112 1 1
Пассажирский 1983 6 16 5 33 113 0 22
Скорый 1983 6 16 6 6 110 2 18
Пассажирский 1983 6 16 6 35 122 0 0
Скорый 1983 6 16 7 22 111 0 6
Пассажирский 1983 6 16 7 42 102 1 17
Скорый 1983 6 16 7 57 111 1 8
Скорый 1983 6 16 8 6 113 2 20
Пассажирский 1983 6 16 8 11 123 0 15
Товарный 1983 6 16 8 24 123 1 2
Пассажирский 1983 6 16 8 35 99 0 5
Скорый 1983 6 16 9 7 100 2 0
Пассажирский 1983 6 16 9 10 105 2 8
Товарный 1983 6 16 9 57 101 0 20
Товарный 1983 6 17 4 33 118 1 13
Пассажирский 1983 6 17 5 13 110 1 19
Скорый 1983 6 17 5 22 117 1 4
Пассажирский 1983 6 17 5 27 101 1 16
Товарный 1983 6 17 5 33 110 1 6
Скорый 1983 6 17 5 38 116 2 13
Товарный 1983 6 17 5 50 115 0 2
Товарный 1983 6 17 7 5 123 1 20
Товарный 1983 6 17 8 47 113 2 10
Пассажирский 1983 6 17 9 11 121 2 11
Товарный 1983 6 17 9 19 120 0 23
Пассажирский 1983 6 17 9 23 119 2 1
Пассажирский 1983 6 17 9 31 106 2 16
Пассажирский 1983 6 17 9 54 120 2 9
Скорый 1983 6 18 4 13 112 2 7
Товарный 1983 6 18 5 14 113 1 2
Пассажирский 1983 6 18 5 20 113 0 22
Товарный 1983 6 18 5 35 104 1 9
Пассажирский 1983 6 18 6 10 117 0 18
Товарный 1983 6 18 6 17 111 2 5
Скорый 1983 6 18 6 22 108 0 3
Пассажирский 1983 6 18 6 46 105 2 1
Скорый 1983 6 18 7 21 103 0 15
Скорый 1983 6 18 7 25 118 0 16
Скорый 1983 6 18 7 36 103 0 18
Товарный 1983 6 18 7 38 116 1 21
Скорый 1983 6 18 7 54 117 1 1
Скорый 1983 6 18 8 4 101 0 1
Товарный 1983 6 18 8 23 112 1 1
Пассажирский 1983 6 18 9 7 122 2 11
Товарный 1983 6 18 9 24 107 1 6
Скорый 1983 6 19 4 0 115 2 22
Товарный 1983 6 19 4 22 108 2 13
Скорый 1983 6 19 4 27 110 2 13
Товарный 1983 6 19 5 3 103 0 22
Скорый 1983 6 19 5 31 117 1 2
Пассажирский 1983 6 19 5 41 117 0 17
Товарный 1983 6 19 5 51 102 1 5
Скорый 1983 6 19 6 13 100 2 21
Скорый 1983 6 19 6 20 112 0 8
Пассажирский 1983 6 19 6 25 100 2 22
Скорый 1983 6 19 6 25 105 2 6
Товарный 1983 6 19 6 59 106 2 11
Скорый 1983 6 19 7 4 106 1 23
Товарный 1983 6 19 7 5 118 1 10
Скорый 1983 6 19 7 9 119 2 19
Пассажирский 1983 6 19 7 12 99 0 10
Пассажирский 1983 6 19 7 15 110 0 10
Товарный 1983 6 19 7 21 110 0 11
Товарный 1983 6 19 8 1 123 0 17
Товарный 1983 6 19 8 15 114 1 21
Скорый 1983 6 19 8 17 121 2 0
Пассажирский 1983 6 19 8 39 121 0 8
Пассажирский 1983 6 19 9 18 113 0 18
Скорый 1983 6 19 9 26 121 1 14
Пассажирский 1983 6 20 4 35 113 0 17
Товарный 1983 6 20 4 42 115 1 15
Пассажирский 1983 6 20 5 19 110 1 19
Пассажирский 1983 6 20 5 26 115 1 9
Пассажирский 1983 6 20 5 40 116 0 1
Скорый 1983 6 20 5 46 105 0 13
Товарный 1983 6 20 5 46 107 2 16
Скорый 1983 6 20 6 27 105 0 1
Скорый 1983 6 20 6 43 106 0 19
Пассажирский 1983 6 20 6 46 105 2 18
Пассажирский 1983 6 20 7 5 122 2 17
Товарный 1983 6 20 8 30 102 1 4
Товарный 1983 6 20 8 38 104 1 3
Скорый 1983 6 20 8 49 119 2 16
Скорый 1983 6 20 9 3 108 1 3
Пассажирский 1983 6 20 9 6 118 0 16
Товарный 1983 6 20 9 7 122 0 4
Товарный 1983 6 20 9 14 117 0 1
Пассажирский 1983 6 20 9 49 112 1 18
Пассажирский 1983 6 21 4 2 99 2 10
Скорый 1983 6 21 4 33 102 1 0
Пассажирский 1983 6 21 5 21 109 1 16
Скорый 1983 6 21 5 58 113 2 12
Скорый 1983 6 21 6 13 105 2 15
Товарный 1983 6 21 6 19 115 2 20
Пассажирский 1983 6 21 6 23 121 1 5
Товарный 1983 6 21 7 10 101 0 12
Пассажирский 1983 6 21 7 27 122 1 8
Пассажирский 1983 6 21 8 9 104 0 15
Товарный 1983 6 21 8 32 119 2 17
Пассажирский 1983 6 21 8 36 115 0 4
Скорый 1983 6 21 8 38 105 0 14
Товарный 1983 6 21 9 20 122 0 8
Скорый 1983 6 21 9 21 123 2 3
Скорый 1983 6 21 9 43 119 0 22
Товарный 1983 7 10 4 5 115 0 13
Товарный 1983 7 10 4 28 115 2 19
Скорый 1983 7 10 4 46 116 2 7
Скорый 1983 7 10 4 49 100 0 2
Товарный 1983 7 10 5 11 120 1 17
Скорый 1983 7 10 5 30 117 0 19
Скорый 1983 7 10 5 39 99 1 2
Товарный 1983 7 10 5 50 110 0 8
Скорый 1983 7 10 5 57 109 1 23
Скорый 1983 7 10 6 6 102 0 12
Скорый 1983 7 10 6 10 100 2 5
Товарный 1983 7 10 6 43 119 0 8
Пассажирский 1983 7 10 6 52 113 0 7
Скорый 1983 7 10 7 39 117 1 8
Товарный 1983 7 10 7 55 105 2 12
Скорый 1983 7 10 8 0 105 2 7
Скорый 1983 7 10 8 18 114 2 10
Товарный 1983 7 10 8 19 113 1 4
Скорый 1983 7 10 8 30 100 0 22
Пассажирский 1983 7 10 8 37 109 2 20
Скорый 1983 7 10 8 43 105 0 1
Скорый 1983 7 10 9 14 120 1 7
Пассажирский 1983 7 10 9 36 108 0 21
Скорый 1983 7 10 9 45 119 0 20
Пассажирский 1983 7 11 4 24 122 1 0
Товарный 1983 7 11 4 30 117 1 17
Скорый 1983 7 11 4 59 121 1 7
Пассажирский 1983 7 11 5 4 104 1 14
Скорый 1983 7 11 5 20 110 1 7
Товарный 1983 7 11 5 39 114 1 4
Скорый 1983 7 11 5 42 117 0 2
Пассажирский 1983 7 11 5 51 122 0 0
Скорый 1983 7 11 7 2 119 1 20
Пассажирский 1983 7 11 8 8 101 1 4
Пассажирский 1983 7 11 8 19 108 0 2
Скорый 1983 7 11 8 35 122 1 2
Скорый 1983 7 11 8 53 104 1 0
Товарный 1983 7 11 9 8 101 2 12
Товарный 1983 7 11 9 32 122 1 16
Товарный 1983 7 11 9 46 115 1 3
Товарный 1983 7 12 4 7 104 2 11
Товарный 1983 7 12 4 52 118 0 0
Скорый 1983 7 12 5 22 113 1 14
Пассажирский 1983 7 12 5 32 122 1 12
Товарный 1983 7 12 5 52 122 0 17
Скорый 1983 7 12 6 9 116 1 17
Скорый 1983 7 12 6 38 121 0 7
Товарный 1983 7 12 7 17 122 0 21
Товарный 1983 7 12 7 23 103 0 8
Пассажирский 1983 7 12 7 43 119 1 16
Пассажирский 1983 7 12 7 52 110 0 15
Скорый 1983 7 12 8 57 111 2 16
Пассажирский 1983 7 12 9 12 101 0 13
Пассажирский 1983 7 12 9 14 123 0 5
Скорый 1983 7 12 9 28 105 0 4
Скорый 1983 7 12 9 30 107 2 6
Товарный 1983 7 12 9 35 100 0 8
Скорый 1983 7 12 9 48 113 1 7
Пассажирский 1983 7 13 4 16 111 0 19
Скорый 1983 7 13 4 28 117 1 0
Товарный 1983 7 13 4 50 115 2 10
Пассажирский 1983 7 13 5 26 119 0 13
Скорый 1983 7 13 5 47 109 1 22
Пассажирский 1983 7 13 6 19 109 0 15
Товарный 1983 7 13 6 20 115 0 6
Скорый 1983 7 13 6 51 112 2 3
Товарный 1983 7 13 7 0 122 2 21
Скорый 1983 7 13 7 21 106 2 11
Пассажирский 1983 7 13 7 35 104 1 6
Скорый 1983 7 13 8 49 121 0 10
Товарный 1983 7 13 9 15 120 0 6
Скорый 1983 7 13 9 21 119 2 5
Товарный 1983 7 13 9 25 102 1 14
Скорый 1983 7 13 9 33 119 1 5
Пассажирский 1983 7 14 4 20 107 2 4
Скорый 1983 7 14 4 30 117 0 22
Товарный 1983 7 14 4 38 117 2 23
Пассажирский 1983 7 14 5 12 116 1 1
Скорый 1983 7 14 5 31 109 0 18
Пассажирский 1983 7 14 5 49 117 0 16
Скорый 1983 7 14 6 41 111 2 14
Пассажирский 1983 7 14 7 13 104 0 3
Пассажирский 1983 7 14 7 13 105 2 14
Товарный 1983 7 14 7 59 109 1 19
Пассажирский 1983 7 14 8 51 112 2 21
Товарный 1983 7 14 9 12 116 0 13
Пассажирский 1983 7 14 9 22 120 0 7
Товарный 1983 7 14 9 27 102 1 3
Товарный 1983 7 15 4 27 108 0 16
Товарный 1983 7 15 4 58 112 1 6
Скорый 1983 7 15 5 23 114 0 15
Скорый 1983 7 15 5 43 99 2 1
Скорый 1983 7 15 5 51 109 1 11
Пассажирский 1983 7 15 6 3 106 2 10
Товарный 1983 7 15 6 14 115 1 21
Скорый 1983 7 15 6 18 120 0 6
Скорый 1983 7 15 6 23 109 0 19
Товарный 1983 7 15 6 46 106 1 22
Скорый 1983 7 15 6 47 112 0 5
Товарный 1983 7 15 6 48 111 0 10
Скорый 1983 7 15 6 52 111 1 11
Скорый 1983 7 15 7 7 116 1 9
Товарный 1983 7 15 7 23 101 0 1
Товарный 1983 7 15 7 28 120 0 0
Пассажирский 1983 7 15 7 34 102 2 11
Скорый 1983 7 15 7 51 123 0 7
Пассажирский 1983 7 15 7 52 110 1 14
Скорый 1983 7 15 8 6 101 2 13
Товарный 1983 7 15 8 16 109 2 17
Товарный 1983 7 15 8 18 109 1 13
Товарный 1983 7 15 8 23 108 0 6
Скорый 1983 7 15 8 25 117 2 18
Товарный 1983 7 15 8 32 119 2 8
Пассажирский 1983 7 15 8 39 105 1 12
Пассажирский 1983 7 15 9 8 105 2 18
Товарный 1983 7 15 9 8 111 0 11
Пассажирский 1983 7 15 9 34 104 1 5
Скорый 1983 7 16 4 11 123 1 7
Пассажирский 1983 7 16 4 24 120 1 6
Товарный 1983 7 16 4 35 114 0 14
Товарный 1983 7 16 4 37 114 1 9
Товарный 1983 7 16 4 45 101 0 0
Товарный 1983 7 16 5 20 112 0 21
Пассажирский 1983 7 16 5 25 122 1 17
Пассажирский 1983 7 16 5 58 112 2 14
Товарный 1983 7 16 6 5 101 1 3
Скорый 1983 7 16 6 14 99 0 4
Товарный 1983 7 16 6 27 100 2 21
Товарный 1983 7 16 6 55 100 0 1
Скорый 1983 7 16 7 14 102 1 20
Пассажирский 1983 7 16 7 41 105 0 22
Товарный 1983 7 16 7 59 120 0 20
Товарный 1983 7 16 9 52 109 1 11
Товарный 1983 7 17 4 13 110 0 12
Товарный 1983 7 17 4 49 102 0 6
Скорый 1983 7 17 4 53 104 2 22
Пассажирский 1983 7 17 5 22 101 0 19
Скорый 1983 7 17 7 7 113 0 19
Товарный 1983 7 17 7 56 121 0 9
Скорый 1983 7 17 8 3 106 0 5
Пассажирский 1983 7 17 8 55 105 1 5
Товарный 1983 7 17 9 11 104 0 12
Пассажирский 1983 7 17 9 43 110 2 13
Скорый 1983 7 18 4 19 123 0 8
Товарный 1983 7 18 4 35 103 1 21
Пассажирский 1983 7 18 4 38 108 2 0
Скорый 1983 7 18 4 41 103 2 3
Пассажирский 1983 7 18 6 22 114 1 16
Скорый 1983 7 18 6 39 115 1 9
Скорый 1983 7 18 7 2 121 1 15
Скорый 1983 7 18 7 26 122 1 1
Скорый 1983 7 18 7 37 109 1 11
Скорый 1983 7 18 8 16 110 1 5
Пассажирский 1983 7 18 8 39 120 2 11
Скорый 1983 7 18 8 45 117 1 0
Пассажирский 1983 7 18 8 58 108 0 17
Пассажирский 1983 7 18 9 17 102 2 0
Товарный 1983 7 19 4 8 100 1 5
Товарный 1983 7 19 4 37 99 1 11
Товарный 1983 7 19 5 7 108 1 6
Скорый 1983 7 19 5 53 104 0 13
Пассажирский 1983 7 19 6 18 116 0 14
Скорый 1983 7 19 6 58 100 0 14
Товарный 1983 7 19 7 8 101 0 10
Товарный 1983 7 19 7 8 121 0 10
Скорый 1983 7 19 7 15 106 2 17
Скорый 1983 7 19 7 31 107 1 14
Скорый 1983 7 19 7 41 120 2 12
Пассажирский 1983 7 19 8 17 103 2 6
Пассажирский 1983 7 19 8 17 107 0 3
Товарный 1983 7 19 8 34 112 2 2
Пассажирский 1983 7 19 8 40 115 0 5
Товарный 1983 7 19 8 50 109 0 1
Пассажирский 1983 7 19 8 56 104 2 3
Пассажирский 1983 7 19 9 3 123 0 22
Товарный 1983 7 19 9 9 99 1 0
Пассажирский 1983 7 19 9 12 118 2 2
Товарный 1983 7 19 9 25 101 2 11
Товарный 1983 7 19 9 38 113 2 16
Скорый 1983 7 20 4 51 120 1 17
Товарный 1983 7 20 5 29 101 1 17
Пассажирский 1983 7 20 5 39 104 2 16
Пассажирский 1983 7 20 6 13 108 2 10
Пассажирский 1983 7 20 6 17 113 1 4
Пассажирский 1983 7 20 7 29 109 1 14
Товарный 1983 7 20 7 31 104 2 1
Товарный 1983 7 20 8 14 107 1 1
Товарный 1983 7 20 8 16 105 1 12
Товарный 1983 7 20 8 42 102 1 20
Скорый 1983 7 20 9 26 99 0 7
Скорый 1983 7 20 9 39 104 0 19
Скорый 1983 7 20 9 39 119 0 17
Скорый 1983 7 21 4 8 111 1 17
Товарный 1983 7 21 4 13 107 1 18
Пассажирский 1983 7 21 4 27 110 1 0
Товарный 1983 7 21 4 33 101 2 7
Товарный 1983 7 21 4 35 113 0 4
Скорый 1983 7 21 4 56 113 0 7
Товарный 1983 7 21 5 38 102 0 11
Скорый 1983 7 21 5 48 109 0 18
Пассажирский 1983 7 21 5 56 108 2 13
Пассажирский 1983 7 21 5 56 109 0 16
Скорый 1983 7 21 6 6 117 1 0
Скорый 1983 7 21 6 16 117 2 9
Товарный 1983 7 21 6 18 105 1 8
Товарный 1983 7 21 7 27 105 2 5
Пассажирский 1983 7 21 8 37 117 0 0
Скорый 1983 7 21 8 40 105 0 7
Скорый 1983 7 21 8 49 120 1 21
Скорый 1983 7 21 9 25 113 1 18
Скорый 1983 7 21 9 47 123 2 17
Пассажирский 1983 7 21 9 51 102 0 19
Скорый 1983 8 10 4 3 105 2 6
Пассажирский 1983 8 10 4 32 114 1 1
Товарный 1983 8 10 4 36 103 1 9
Пассажирский 1983 8 10 5 3 106 0 4
Пассажирский 1983 8 10 5 36 123 2 3
Пассажирский 1983 8 10 5 51 118 1 23
Товарный 1983 8 10 6 48 123 2 0
Пассажирский 1983 8 10 6 59 99 1 12
Скорый 1983 8 10 7 17 111 2 19
Скорый 1983 8 10 7 19 118 1 15
Пассажирский 1983 8 10 8 32 119 2 16
Скорый 1983 8 10 8 37 112 1 12
Пассажирский 1983 8 10 8 39 117 0 3
Пассажирский 1983 8 10 8 40 100 0 2
Пассажирский 1983 8 10 8 55 105 1 4
Скорый 1983 8 10 9 11 99 0 4
Товарный 1983 8 10 9 11 117 1 16
Пассажирский 1983 8 10 9 13 104 0 1
Товарный 1983 8 10 9 22 117 2 17
Пассажирский 1983 8 10 9 36 120 2 9
Скорый 1983 8 10 9 41 117 0 6
Скорый 1983 8 11 4 6 102 0 19
Скорый 1983 8 11 4 19 119 2 15
Пассажирский 1983 8 11 4 43 104 2 16
Пассажирский 1983 8 11 5 24 113 2 20
Товарный 1983 8 11 5 32 109 0 6
Товарный 1983 8 11 5 38 102 2 15
Пассажирский 1983 8 11 6 14 101 0 10
Пассажирский 1983 8 11 7 36 118 2 1
Пассажирский 1983 8 11 7 50 117 2 19
Товарный 1983 8 11 8 7 101 0 0
Пассажирский 1983 8 11 8 13 122 0 1
Товарный 1983 8 11 8 16 118 0 17
Пассажирский 1983 8 11 8 23 114 0 4
Товарный 1983 8 11 8 47 99 1 13
Скорый 1983 8 11 8 55 118 2 2
Скорый 1983 8 11 9 6 106 2 9
Товарный 1983 8 11 9 15 116 2 5
Пассажирский 1983 8 12 4 49 99 1 20
Скорый 1983 8 12 4 57 105 0 20
Пассажирский 1983 8 12 5 25 121 2 9
Товарный 1983 8 12 5 30 108 2 7
Товарный 1983 8 12 5 43 105 2 20
Скорый 1983 8 12 5 58 115 2 13
Товарный 1983 8 12 6 22 121 0 15
Пассажирский 1983 8 12 6 51 110 2 21
Скорый 1983 8 12 7 14 121 2 2
Пассажирский 1983 8 12 7 17 105 0 17
Скорый 1983 8 12 7 23 120 0 22
Скорый 1983 8 12 7 24 116 2 15
Пассажирский 1983 8 12 7 37 109 2 10
Пассажирский 1983 8 12 7 56 105 1 15
Товарный 1983 8 12 8 22 104 2 13
Скорый 1983 8 12 8 35 122 2 3
Товарный 1983 8 12 8 42 118 0 2
Товарный 1983 8 12 8 43 104 0 11
Скорый 1983 8 12 8 45 117 0 12
Товарный 1983 8 12 8 57 100 2 23
Пассажирский 1983 8 12 9 39 108 1 20
Товарный 1983 8 12 9 42 99 2 4
Товарный 1983 8 12 9 49 116 2 15
Товарный 1983 8 12 9 50 109 0 15
Пассажирский 1983 8 12 9 55 118 0 7
Пассажирский 1983 8 12 9 58 117 2 6
Товарный 1983 8 13 4 11 113 2 17
Скорый 1983 8 13 4 19 115 2 4
Скорый 1983 8 13 4 57 121 2 8
Скорый 1983 8 13 5 17 101 0 15
Товарный 1983 8 13 5 22 100 2 12
Скорый 1983 8 13 5 35 116 1 11
Товарный 1983 8 13 5 35 122 0 21
Товарный 1983 8 13 5 55 110 1 19
Пассажирский 1983 8 13 6 2 107 2 11
Скорый 1983 8 13 6 6 122 2 13
Товарный 1983 8 13 6 34 107 2 23
Пассажирский 1983 8 13 6 47 101 0 9
Скорый 1983 8 13 6 48 114 0 1
Скорый 1983 8 13 7 1 113 0 5
Товарный 1983 8 13 7 13 99 1 0
Товарный 1983 8 13 7 22 104 1 5
Пассажирский 1983 8 13 7 35 115 1 22
Скорый 1983 8 13 8 12 110 0 14
Пассажирский 1983 8 13 9 11 99 2 21
Скорый 1983 8 13 9 14 115 0 4
Товарный 1983 8 13 9 32 122 1 10
Пассажирский 1983 8 13 9 36 115 2 7
Пассажирский 1983 8 13 9 51 116 1 2
Пассажирский 1983 8 14 4 22 114 1 18
Пассажирский 1983 8 14 4 26 106 2 18
Пассажирский 1983 8 14 4 46 112 2 17
Пассажирский 1983 8 14 4 48 101 2 7
Товарный 1983 8 14 4 48 121 0 11
Пассажирский 1983 8 14 5 18 102 1 12
Товарный 1983 8 14 5 34 117 1 11
Товарный 1983 8 14 5 43 120 1 17
Товарный 1983 8 14 5 48 101 1 8
Скорый 1983 8 14 6 31 114 2 4
Скорый 1983 8 14 8 22 99 2 7
Скорый 1983 8 14 8 25 121 0 16
Товарный 1983 8 14 8 48 102 2 3
Товарный 1983 8 14 9 17 116 0 8
Товарный 1983 8 14 9 43 119 0 12
Скорый 1983 8 14 9 48 106 0 16
Пассажирский 1983 8 15 4 0 107 1 15
Товарный 1983 8 15 4 14 117 0 7
Скорый 1983 8 15 4 26 111 2 8
Скорый 1983 8 15 4 45 100 1 5
Товарный 1983 8 15 4 53 118 0 6
Скорый 1983 8 15 5 4 114 2 11
Товарный 1983 8 15 5 39 119 2 17
Пассажирский 1983 8 15 6 18 123 1 7
Товарный 1983 8 15 6 19 108 0 5
Товарный 1983 8 15 6 23 109 2 2
Скорый 1983 8 15 6 52 123 2 18
Товарный 1983 8 15 6 53 101 2 22
Скорый 1983 8 15 7 11 123 1 14
Пассажирский 1983 8 15 7 13 123 0 20
Пассажирский 1983 8 15 7 16 114 1 21
Скорый 1983 8 15 7 17 116 0 20
Товарный 1983 8 15 7 47 120 0 1
Пассажирский 1983 8 15 7 50 119 0 14
Товарный 1983 8 15 8 1 117 2 21
Пассажирский 1983 8 15 8 21 117 2 11
Товарный 1983 8 15 8 28 123 1 10
Скорый 1983 8 15 8 59 109 2 16
Пассажирский 1983 8 15 9 9 102 1 1
Скорый 1983 8 15 9 21 105 2 5
Пассажирский 1983 8 15 9 37 109 2 23
Товарный 1983 8 15 9 46 113 2 18
Товарный 1983 8 16 4 5 121 0 20
Товарный 1983 8 16 4 25 105 2 16
Товарный 1983 8 16 4 35 116 1 1
Товарный 1983 8 16 4 53 122 0 15
Пассажирский 1983 8 16 5 0 102 0 16
Товарный 1983 8 16 5 19 114 2 3
Товарный 1983 8 16 5 34 105 2 21
Скорый 1983 8 16 5 47 120 1 22
Пассажирский 1983 8 16 6 59 102 2 22
Пассажирский 1983 8 16 7 38 109 1 0
Скорый 1983 8 16 7 54 102 0 21
Товарный 1983 8 16 7 54 115 0 16
Скорый 1983 8 16 7 55 110 1 14
Скорый 1983 8 16 7 58 121 0 5
Скорый 1983 8 16 8 22 123 2 18
Товарный 1983 8 16 8 59 115 2 16
Пассажирский 1983 8 16 9 34 104 0 11
Товарный 1983 8 17 4 6 118 0 0
Скорый 1983 8 17 4 8 118 1 0
Товарный 1983 8 17 4 14 121 2 5
Пассажирский 1983 8 17 4 40 111 0 14
Товарный 1983 8 17 5 3 119 1 15
Скорый 1983 8 17 5 6 103 0 11
Товарный 1983 8 17 5 31 121 2 5
Товарный 1983 8 17 5 46 101 0 22
Пассажирский 1983 8 17 5 59 114 0 3
Пассажирский 1983 8 17 6 18 111 0 0
Скорый 1983 8 17 6 21 104 0 4
Скорый 1983 8 17 6 21 106 0 12
Товарный 1983 8 17 6 34 122 2 13
Пассажирский 1983 8 17 7 5 109 1 5
Скорый 1983 8 17 7 30 108 2 15
Товарный 1983 8 17 7 35 113 0 17
Скорый 1983 8 17 7 38 104 0 21
Пассажирский 1983 8 17 7 39 101 0 20
Товарный 1983 8 17 7 54 110 2 4
Товарный 1983 8 17 8 8 101 0 17
Пассажирский 1983 8 17 8 20 110 1 15
Пассажирский 1983 8 17 9 14 121 0 4
Товарный 1983 8 17 9 27 115 1 21
Пассажирский 1983 8 17 9 33 122 2 22
Пассажирский 1983 8 18 4 26 106 0 4
Пассажирский 1983 8 18 5 0 109 0 8
Товарный 1983 8 18 5 45 121 1 23
Скорый 1983 8 18 5 49 122 0 8
Товарный 1983 8 18 6 0 113 0 21
Скорый 1983 8 18 6 4 109 1 0
Скорый 1983 8 18 6 45 100 0 19
Пассажирский 1983 8 18 7 12 108 2 4
Скорый 1983 8 18 7 12 113 2 22
Товарный 1983 8 18 7 38 102 0 4
Товарный 1983 8 18 8 27 107 0 3
Скорый 1983 8 18 9 4 109 2 19
Товарный 1983 8 18 9 18 106 1 13
Товарный 1983 8 18 9 35 108 0 20
Пассажирский 1983 8 18 9 47 117 2 17
Пассажирский 1983 8 19 4 13 100 0 15
Скорый 1983 8 19 4 20 110 1 11
Скорый 1983 8 19 4 32 115 1 8
Товарный 1983 8 19 4 58 107 0 22
Скорый 1983 8 19 5 23 120 0 15
Пассажирский 1983 8 19 5 50 119 1 18
Пассажирский 1983 8 19 6 25 110 0 2
Товарный 1983 8 19 6 55 115 2 22
Товарный 1983 8 19 7 8 101 0 6
Товарный 1983 8 19 7 23 122 1 6
Пассажирский 1983 8 19 7 30 122 0 5
Пассажирский 1983 8 19 7 34 109 2 18
Пассажирский 1983 8 19 7 42 114 2 21
Товарный 1983 8 19 7 50 99 0 20
Пассажирский 1983 8 19 7 53 118 2 23
Скорый 1983 8 19 8 13 119 2 17
Скорый 1983 8 19 8 45 121 2 23
Пассажирский 1983 8 19 8 47 115 1 6
Скорый 1983 8 19 9 25 105 2 13
Скорый 1983 8 19 9 31 121 2 2
Пассажирский 1983 8 20 4 1 109 0 9
Пассажирский 1983 8 20 4 8 122 0 2
Товарный 1983 8 20 4 12 118 1 5
Скорый 1983 8 20 4 57 113 2 8
Скорый 1983 8 20 5 39 116 1 5
Пассажирский 1983 8 20 5 50 116 1 4
Пассажирский 1983 8 20 5 57 112 0 18
Пассажирский 1983 8 20 6 8 106 2 9
Товарный 1983 8 20 6 45 102 2 5
Скорый 1983 8 20 6 46 120 2 9
Товарный 1983 8 20 7 4 118 0 22
Товарный 1983 8 20 7 25 102 1 22
Скорый 1983 8 20 7 25 112 2 16
Товарный 1983 8 20 7 29 105 1 13
Пассажирский 1983 8 20 7 59 108 0 12
Товарный 1983 8 20 8 29 115 2 10
Товарный 1983 8 20 9 28 101 2 20
Товарный 1983 8 20 9 41 119 0 14
Пассажирский 1983 8 21 4 35 102 1 5
Скорый 1983 8 21 4 51 102 1 10
Скорый 1983 8 21 5 1 107 2 0
Скорый 1983 8 21 5 2 114 2 8
Пассажирский 1983 8 21 5 21 113 0 4
Скорый 1983 8 21 5 29 110 1 11
Пассажирский 1983 8 21 6 29 111 2 12
Скорый 1983 8 21 6 41 109 2 11
Скорый 1983 8 21 6 56 109 1 3
Скорый 1983 8 21 7 8 120 1 18
Товарный 1983 8 21 7 13 113 2 2
Пассажирский 1983 8 21 7 23 104 2 23
Товарный 1983 8 21 7 31 121 1 5
Пассажирский 1983 8 21 7 47 110 0 4
Скорый 1983 8 21 7 48 110 0 4
Пассажирский 1983 8 21 8 15 103 0 17
Скорый 1983 8 21 8 24 99 0 17
Скорый 1983 8 21 8 56 105 0 19
Товарный 1983 8 21 9 6 101 2 14
Пассажирский 1983 8 21 9 14 104 0 20
Товарный 1984 6 10 4 9 111 0 23
Товарный 1984 6 10 4 11 104 2 4
Товарный 1984 6 10 4 22 108 2 5
Товарный 1984 6 10 4 24 116 2 16
Скорый 1984 6 10 4 37 122 1 22
Скорый 1984 6 10 4 59 119 2 22
Пассажирский 1984 6 10 5 24 103 0 20
Товарный 1984 6 10 6 13 108 0 16
Пассажирский 1984 6 10 6 53 107 0 14
Товарный 1984 6 10 6 55 108 0 18
Товарный 1984 6 10 6 55 118 1 2
Товарный 1984 6 10 6 57 104 1 3
Пассажирский 1984 6 10 6 58 105 0 13
Пассажирский 1984 6 10 7 25 107 2 4
Скорый 1984 6 10 7 30 109 1 18
Товарный 1984 6 10 7 45 106 1 1
Товарный 1984 6 10 7 57 118 2 19
Пассажирский 1984 6 10 7 59 118 2 3
Пассажирский 1984 6 10 8 1 107 0 12
Пассажирский 1984 6 10 8 16 118 1 10
Пассажирский 1984 6 10 8 21 109 0 15
Товарный 1984 6 10 8 23 107 1 17
Скорый 1984 6 10 8 55 111 2 17
Товарный 1984 6 10 9 36 100 0 12
Скорый 1984 6 10 9 49 107 0 7
Товарный 1984 6 10 9 56 101 1 5
Товарный 1984 6 11 4 18 111 1 3
Товарный 1984 6 11 4 36 114 0 9
Скорый 1984 6 11 4 38 104 2 18
Скорый 1984 6 11 4 48 111 1 15
Скорый 1984 6 11 5 3 100 2 3
Скорый 1984 6 11 5 43 110 0 10
Пассажирский 1984 6 11 6 2 120 1 2
Товарный 1984 6 11 6 4 116 1 7
Пассажирский 1984 6 11 6 21 119 2 21
Скорый 1984 6 11 6 24 99 0 1
Скорый 1984 6 11 7 20 121 1 6
Пассажирский 1984 6 11 7 30 100 0 14
Скорый 1984 6 11 7 41 115 1 23
Пассажирский 1984 6 11 8 13 116 0 12
Пассажирский 1984 6 11 8 18 102 0 1
Скорый 1984 6 11 8 46 119 2 17
Скорый 1984 6 11 9 29 102 2 23
Скорый 1984 6 11 9 58 118 0 10
Пассажирский 1984 6 12 5 41 108 1 18
Товарный 1984 6 12 6 5 118 1 14
Пассажирский 1984 6 12 6 5 119 2 18
Товарный 1984 6 12 6 21 101 0 2
Пассажирский 1984 6 12 6 34 109 2 0
Скорый 1984 6 12 6 34 121 1 14
Товарный 1984 6 12 7 16 104 1 23
Скорый 1984 6 12 7 25 108 2 11
Пассажирский 1984 6 12 7 30 115 1 21
Товарный 1984 6 12 8 2 115 0 12
Пассажирский 1984 6 12 8 50 101 2 1
Товарный 1984 6 12 9 12 121 0 23
Товарный 1984 6 12 9 33 100 1 11
Пассажирский 1984 6 12 9 35 113 2 15
Скорый 1984 6 12 9 57 111 0 20
Товарный 1984 6 13 4 5 120 0 23
Товарный 1984 6 13 4 8 114 1 20
Товарный 1984 6 13 4 45 103 2 23
Товарный 1984 6 13 4 50 103 1 22
Пассажирский 1984 6 13 4 52 102 1 8
Скорый 1984 6 13 5 41 117 0 14
Скорый 1984 6 13 5 48 118 2 5
Товарный 1984 6 13 6 29 106 1 14
Товарный 1984 6 13 6 36 111 2 8
Пассажирский 1984 6 13 6 49 103 0 0
Товарный 1984 6 13 7 35 102 0 2
Пассажирский 1984 6 13 8 4 115 1 19
Товарный 1984 6 13 9 21 101 0 4
Скорый 1984 6 13 9 25 99 0 20
Скорый 1984 6 14 4 25 112 1 12
Пассажирский 1984 6 14 4 50 100 0 12
Пассажирский 1984 6 14 5 12 112 2 15
Пассажирский 1984 6 14 5 33 115 2 9
Скорый 1984 6 14 5 43 121 2 21
Пассажирский 1984 6 14 5 48 117 1 11
Товарный 1984 6 14 6 46 113 1 19
Пассажирский 1984 6 14 6 53 116 2 13
Пассажирский 1984 6 14 7 30 104 2 21
Товарный 1984 6 14 7 59 108 1 22
Скорый 1984 6 14 8 14 111 0 17
Скорый 1984 6 14 8 26 116 2 4
Пассажирский 1984 6 14 8 31 103 1 12
Пассажирский 1984 6 14 9 22 111 2 4
Товарный 1984 6 14 9 28 109 0 4
Скорый 1984 6 14 9 54 107 0 9
Скорый 1984 6 15 4 6 106 2 13
Пассажирский 1984 6 15 4 16 115 1 2
Пассажирский 1984 6 15 4 43 100 0 7
Скорый 1984 6 15 5 2 123 0 15
Товарный 1984 6 15 5 13 103 2 2
Скорый 1984 6 15 5 43 100 0 12
Скорый 1984 6 15 5 54 118 1 22
Товарный 1984 6 15 5 56 121 1 15
Товарный 1984 6 15 6 5 110 2 7
Скорый 1984 6 15 6 10 114 0 2
Пассажирский 1984 6 15 6 28 122 0 10
Пассажирский 1984 6 15 6 33 103 2 23
Товарный 1984 6 15 6 51 120 2 1
Скорый 1984 6 15 6 52 109 0 0
Пассажирский 1984 6 15 7 40 103 0 5
Пассажирский 1984 6 15 7 48 107 1 22
Скорый 1984 6 15 7 49 108 1 13
Товарный 1984 6 15 8 49 101 2 19
Скорый 1984 6 16 4 40 110 2 14
Товарный 1984 6 16 4 49 115 0 18
Скорый 1984 6 16 5 33 103 0 15
Пассажирский 1984 6 16 6 5 108 2 12
Скорый 1984 6 16 6 23 109 1 1
Скорый 1984 6 16 6 34 99 0 7
Скорый 1984 6 16 6 46 115 0 7
Скорый 1984 6 16 6 52 102 2 20
Пассажирский 1984 6 16 7 39 106 1 14
Пассажирский 1984 6 16 7 55 110 1 7
Скорый 1984 6 16 8 16 113 0 11
Пассажирский 1984 6 16 8 37 106 1 21
Пассажирский 1984 6 16 9 28 103 1 7
Скорый 1984 6 16 9 46 113 2 7
Пассажирский 1984 6 16 9 49 106 2 23
Скорый 1984 6 17 4 25 121 1 2
Пассажирский 1984 6 17 4 30 123 1 11
Товарный 1984 6 17 4 42 116 0 23
Пассажирский 1984 6 17 4 48 115 0 16
Пассажирский 1984 6 17 5 5 101 1 2
Товарный 1984 6 17 5 11 100 0 18
Товарный 1984 6 17 5 12 100 1 2
Скорый 1984 6 17 5 30 107 2 2
Скорый 1984 6 17 5 39 121 1 8
Скорый 1984 6 17 5 44 113 1 23
Товарный 1984 6 17 6 19 99 0 18
Скорый 1984 6 17 6 31 119 2 3
Товарный 1984 6 17 6 33 104 0 11
Пассажирский 1984 6 17 6 47 114 0 9
Пассажирский 1984 6 17 7 41 102 0 3
Товарный 1984 6 17 8 15 119 1 14
Скорый 1984 6 17 9 37 110 0 9
Товарный 1984 6 18 4 15 113 1 16
Товарный 1984 6 18 4 17 111 0 4
Пассажирский 1984 6 18 4 18 99 1 10
Товарный 1984 6 18 4 19 107 0 17
Товарный 1984 6 18 4 28 118 1 21
Товарный 1984 6 18 4 36 123 2 21
Пассажирский 1984 6 18 5 15 122 1 0
Скорый 1984 6 18 6 15 121 1 4
Пассажирский 1984 6 18 6 49 110 0 5
Товарный 1984 6 18 6 50 101 0 22
Скорый 1984 6 18 7 0 116 1 8
Пассажирский 1984 6 18 7 7 104 0 21
Скорый 1984 6 18 7 15 111 2 17
Скорый 1984 6 18 7 32 102 0 13
Пассажирский 1984 6 18 7 56 117 1 18
Пассажирский 1984 6 18 8 17 108 2 20
Товарный 1984 6 18 8 19 104 0 4
Скорый 1984 6 18 9 5 116 2 5
Скорый 1984 6 18 9 15 116 1 20
Скорый 1984 6 18 9 18 123 1 5
Пассажирский 1984 6 18 9 35 105 1 6
Пассажирский 1984 6 18 9 42 102 1 13
Скорый 1984 6 19 4 7 122 2 12
Пассажирский 1984 6 19 4 41 110 2 23
Скорый 1984 6 19 5 19 118 1 6
Товарный 1984 6 19 5 22 119 2 11
Скорый 1984 6 19 5 33 116 0 18
Товарный 1984 6 19 6 3 106 2 20
Скорый 1984 6 19 6 11 122 1 1
Товарный 1984 6 19 6 22 121 0 17
Пассажирский 1984 6 19 7 29 101 0 8
Скорый 1984 6 19 7 32 104 1 9
Товарный 1984 6 19 8 19 102 2 12
Скорый 1984 6 19 8 24 113 0 14
Скорый 1984 6 19 8 31 122 2 23
Скорый 1984 6 19 8 39 110 2 7
Товарный 1984 6 19 8 57 100 1 22
Скорый 1984 6 19 9 4 108 0 17
Товарный 1984 6 19 9 45 100 0 8
Скорый 1984 6 19 9 49 101 0 10
Товарный 1984 6 20 4 3 120 1 12
Пассажирский 1984 6 20 4 8 117 0 15
Скорый 1984 6 20 4 14 101 2 23
Скорый 1984 6 20 4 17 123 1 15
Пассажирский 1984 6 20 5 3 105 0 22
Товарный 1984 6 20 7 13 115 0 1
Скорый 1984 6 20 7 52 119 0 8
Пассажирский 1984 6 20 8 29 123 2 14
Пассажирский 1984 6 20 8 38 105 1 7
Скорый 1984 6 20 9 11 109 1 9
Товарный 1984 6 20 9 36 105 1 8
Пассажирский 1984 6 20 9 36 106 0 22
Пассажирский 1984 6 21 4 21 106 2 22
Товарный 1984 6 21 4 43 121 2 18
Скорый 1984 6 21 5 6 102 1 5
Товарный 1984 6 21 5 15 106 1 13
Товарный 1984 6 21 5 22 107 1 9
Скорый 1984 6 21 5 47 100 2 19
Пассажирский 1984 6 21 5 47 111 0 18
Товарный 1984 6 21 6 36 113 1 3
Скорый 1984 6 21 6 39 110 0 12
Пассажирский 1984 6 21 7 21 100 0 13
Товарный 1984 6 21 7 28 116 2 18
Товарный 1984 6 21 8 19 106 1 14
Скорый 1984 6 21 8 33 111 1 4
Товарный 1984 6 21 9 5 105 0 5
Скорый 1984 6 21 9 27 104 0 1
Товарный 1984 6 21 9 40 123 2 1
Товарный 1984 7 10 4 11 107 0 0
Товарный 1984 7 10 4 40 117 2 22
Товарный 1984 7 10 5 18 103 1 14
Товарный 1984 7 10 5 51 102 0 2
Пассажирский 1984 7 10 6 3 118 0 21
Скорый 1984 7 10 6 56 99 1 21
Товарный 1984 7 10 7 18 117 2 16
Товарный 1984 7 10 7 43 109 1 13
Скорый 1984 7 10 7 54 110 2 4
Товарный 1984 7 10 8 29 120 0 21
Скорый 1984 7 10 8 32 112 0 18
Пассажирский 1984 7 10 8 34 102 0 18
Скорый 1984 7 10 8 39 108 2 22
Товарный 1984 7 10 9 8 116 0 6
Скорый 1984 7 10 9 22 122 2 13
Пассажирский 1984 7 10 9 38 112 0 5
Пассажирский 1984 7 11 4 17 112 2 19
Пассажирский 1984 7 11 4 38 111 0 2
Пассажирский 1984 7 11 4 59 109 2 1
Скорый 1984 7 11 5 33 101 1 21
Пассажирский 1984 7 11 5 39 113 2 21
Пассажирский 1984 7 11 6 0 106 0 12
Скорый 1984 7 11 6 0 121 0 8
Скорый 1984 7 11 6 2 99 2 18
Пассажирский 1984 7 11 6 23 116 2 17
Пассажирский 1984 7 11 6 25 120 1 1
Пассажирский 1984 7 11 6 50 99 1 12
Пассажирский 1984 7 11 6 52 114 2 3
Скорый 1984 7 11 7 43 104 0 23
Товарный 1984 7 11 7 57 123 0 10
Пассажирский 1984 7 11 8 14 116 0 17
Скорый 1984 7 11 9 1 116 2 7
Скорый 1984 7 11 9 2 115 2 5
Пассажирский 1984 7 11 9 37 123 2 4
Товарный 1984 7 11 9 47 113 0 7
Пассажирский 1984 7 11 9 51 106 2 10
Скорый 1984 7 11 9 55 103 0 7
Пассажирский 1984 7 12 4 17 114 2 18
Пассажирский 1984 7 12 4 31 104 0 0
Скорый 1984 7 12 4 33 110 2 12
Товарный 1984 7 12 4 45 114 0 15
Скорый 1984 7 12 4 58 116 0 9
Скорый 1984 7 12 5 4 106 1 15
Товарный 1984 7 12 5 11 107 1 17
Скорый 1984 7 12 5 17 123 0 7
Скорый 1984 7 12 5 32 109 1 1
Товарный 1984 7 12 5 36 110 0 10
Скорый 1984 7 12 6 6 116 1 8
Товарный 1984 7 12 6 21 116 1 6
Пассажирский 1984 7 12 6 22 116 1 5
Скорый 1984 7 12 6 38 117 0 7
Скорый 1984 7 12 7 15 110 2 19
Скорый 1984 7 12 7 55 107 1 6
Товарный 1984 7 12 8 5 117 0 3
Пассажирский 1984 7 12 8 22 116 2 0
Товарный 1984 7 12 9 3 110 1 4
Товарный 1984 7 12 9 24 115 0 4
Скорый 1984 7 12 9 34 111 0 14
Пассажирский 1984 7 13 4 3 111 0 4
Товарный 1984 7 13 4 9 113 2 4
Товарный 1984 7 13 4 22 108 1 2
Скорый 1984 7 13 4 28 116 1 15
Скорый 1984 7 13 4 34 119 1 2
Скорый 1984 7 13 4 47 101 0 19
Скорый 1984 7 13 4 49 110 2 16
Товарный 1984 7 13 4 58 104 1 23
Товарный 1984 7 13 5 11 117 0 20
Пассажирский 1984 7 13 5 28 117 2 13
Товарный 1984 7 13 5 31 107 2 6
Скорый 1984 7 13 6 26 104 0 19
Пассажирский 1984 7 13 6 29 119 1 13
Пассажирский 1984 7 13 6 56 106 1 15
Пассажирский 1984 7 13 6 58 122 0 10
Товарный 1984 7 13 7 5 106 2 12
Товарный 1984 7 13 8 10 106 1 11
Товарный 1984 7 13 8 19 114 2 20
Товарный 1984 7 13 8 48 102 0 20
Пассажирский 1984 7 13 9 12 108 1 4
Пассажирский 1984 7 13 9 22 113 1 15
Скорый 1984 7 13 9 31 104 1 13
Пассажирский 1984 7 13 9 40 109 1 16
Пассажирский 1984 7 13 9 41 115 2 9
Товарный 1984 7 14 4 4 121 2 13
Товарный 1984 7 14 4 12 101 1 18
Скорый 1984 7 14 4 40 104 1 12
Скорый 1984 7 14 4 45 123 1 21
Скорый 1984 7 14 5 49 105 2 23
Скорый 1984 7 14 6 6 102 2 6
Скорый 1984 7 14 6 41 105 0 7
Товарный 1984 7 14 7 22 113 1 22
Скорый 1984 7 14 7 34 118 1 6
Скорый 1984 7 14 7 41 121 0 4
Пассажирский 1984 7 14 8 1 105 0 6
Скорый 1984 7 14 8 3 118 0 3
Товарный 1984 7 14 8 14 117 1 23
Пассажирский 1984 7 14 8 22 108 1 4
Скорый 1984 7 14 8 24 108 1 10
Пассажирский 1984 7 14 9 13 118 0 18
Скорый 1984 7 14 9 20 100 1 6
Пассажирский 1984 7 14 9 23 99 0 13
Пассажирский 1984 7 14 9 52 109 2 18
Пассажирский 1984 7 15 4 23 100 0 8
Скорый 1984 7 15 4 45 108 1 15
Пассажирский 1984 7 15 4 51 123 2 11
Товарный 1984 7 15 5 23 101 2 10
Скорый 1984 7 15 5 59 121 0 10
Товарный 1984 7 15 6 12 118 1 14
Скорый 1984 7 15 6 15 116 1 21
Пассажирский 1984 7 15 6 24 109 2 20
Скорый 1984 7 15 7 9 106 2 10
Пассажирский 1984 7 15 7 23 104 1 0
Пассажирский 1984 7 15 7 34 101 0 21
Скорый 1984 7 15 7 40 110 1 7
Пассажирский 1984 7 15 7 46 108 1 19
Пассажирский 1984 7 15 8 8 117 0 6
Пассажирский 1984 7 15 8 21 119 1 10
Пассажирский 1984 7 15 8 34 105 1 18
Товарный 1984 7 15 8 47 108 0 5
Товарный 1984 7 15 8 48 123 1 18
Пассажирский 1984 7 15 8 49 122 1 5
Пассажирский 1984 7 15 8 57 102 0 23
Товарный 1984 7 15 9 31 119 2 1
Товарный 1984 7 15 9 33 103 1 6
Товарный 1984 7 15 9 47 101 0 16
Скорый 1984 7 16 4 19 110 1 13
Товарный 1984 7 16 5 6 112 1 7
Пассажирский 1984 7 16 5 44 120 1 19
Пассажирский 1984 7 16 6 32 114 2 17
Товарный 1984 7 16 6 34 117 0 7
Скорый 1984 7 16 6 40 123 0 18
Скорый 1984 7 16 6 41 112 2 20
Скорый 1984 7 16 6 52 115 0 16
Товарный 1984 7 16 7 30 103 2 0
Скорый 1984 7 16 7 50 107 2 11
Пассажирский 1984 7 16 7 50 117 1 10
Товарный 1984 7 16 8 56 120 0 1
Пассажирский 1984 7 16 9 57 116 2 12
Пассажирский 1984 7 17 4 14 114 1 20
Пассажирский 1984 7 17 4 17 114 1 12
Товарный 1984 7 17 4 27 108 0 6
Скорый 1984 7 17 4 55 105 0 16
Товарный 1984 7 17 5 18 104 0 23
Товарный 1984 7 17 5 27 116 1 7
Пассажирский 1984 7 17 5 31 102 0 11
Скорый 1984 7 17 5 45 123 2 18
Скорый 1984 7 17 6 15 103 2 12
Пассажирский 1984 7 17 6 19 113 1 22
Товарный 1984 7 17 6 24 99 2 17
Товарный 1984 7 17 6 37 112 0 13
Пассажирский 1984 7 17 6 55 101 1 3
Товарный 1984 7 17 7 14 103 1 23
Товарный 1984 7 17 7 41 123 2 19
Товарный 1984 7 17 7 45 103 0 3
Скорый 1984 7 17 7 55 100 2 11
Товарный 1984 7 17 8 4 109 1 14
Скорый 1984 7 17 8 27 121 0 14
Пассажирский 1984 7 17 8 53 107 1 23
Скорый 1984 7 17 8 55 103 1 2
Товарный 1984 7 17 9 8 113 1 4
Пассажирский 1984 7 17 9 44 106 2 18
Товарный 1984 7 17 9 44 117 1 23
Товарный 1984 7 18 4 49 107 1 17
Скорый 1984 7 18 4 53 119 1 21
Товарный 1984 7 18 5 4 101 1 20
Товарный 1984 7 18 5 20 104 2 6
Товарный 1984 7 18 5 56 119 2 2
Товарный 1984 7 18 6 4 109 2 1
Скорый 1984 7 18 6 23 107 1 6
Скорый 1984 7 18 6 37 109 0 21
Пассажирский 1984 7 18 6 57 104 1 4
Пассажирский 1984 7 18 7 6 101 1 20
Товарный 1984 7 18 9 9 122 2 23
Товарный 1984 7 18 9 26 112 1 14
Товарный 1984 7 18 9 40 99 0 12
Пассажирский 1984 7 18 9 44 116 0 4
Скорый 1984 7 18 9 47 112 1 6
Пассажирский 1984 7 19 5 16 122 0 13
Скорый 1984 7 19 5 36 113 0 9
Скорый 1984 7 19 6 27 108 1 10
Пассажирский 1984 7 19 6 49 118 2 13
Товарный 1984 7 19 7 18 101 1 21
Пассажирский 1984 7 19 7 31 110 0 20
Товарный 1984 7 19 7 36 118 1 1
Скорый 1984 7 19 8 23 105 0 8
Пассажирский 1984 7 19 8 26 106 1 9
Товарный 1984 7 19 8 40 111 0 7
Пассажирский 1984 7 19 8 53 108 1 18
Скорый 1984 7 19 8 56 102 2 1
Скорый 1984 7 19 9 2 119 0 15
Скорый 1984 7 19 9 11 121 1 6
Пассажирский 1984 7 19 9 12 103 1 19
Скорый 1984 7 19 9 25 112 1 5
Товарный 1984 7 19 9 41 123 2 1
Скорый 1984 7 20 4 6 119 0 17
Товарный 1984 7 20 4 42 101 0 23
Пассажирский 1984 7 20 5 4 121 1 18
Скорый 1984 7 20 5 27 112 0 12
Товарный 1984 7 20 5 37 108 0 8
Товарный 1984 7 20 5 48 118 0 3
Пассажирский 1984 7 20 6 35 106 0 18
Товарный 1984 7 20 6 54 110 0 22
Пассажирский 1984 7 20 7 22 103 0 15
Скорый 1984 7 20 7 31 110 2 1
Скорый 1984 7 20 7 33 102 1 20
Товарный 1984 7 20 7 57 119 2 2
Пассажирский 1984 7 20 8 5 122 2 13
Товарный 1984 7 20 8 25 108 0 3
Скорый 1984 7 20 8 51 109 2 6
Скорый 1984 7 20 9 21 117 2 3
Скорый 1984 7 20 9 42 123 1 3
Товарный 1984 7 20 9 47 119 0 15
Скорый 1984 7 20 9 51 103 0 21
Товарный 1984 7 21 4 9 115 2 5
Товарный 1984 7 21 4 40 117 2 2
Товарный 1984 7 21 4 55 100 1 14
Пассажирский 1984 7 21 5 7 108 0 1
Товарный 1984 7 21 5 20 102 1 20
Пассажирский 1984 7 21 5 24 119 1 13
Скорый 1984 7 21 6 14 119 2 19
Пассажирский 1984 7 21 6 45 123 2 8
Пассажирский 1984 7 21 7 33 100 1 20
Товарный 1984 7 21 7 40 101 0 5
Пассажирский 1984 7 21 8 7 103 1 19
Пассажирский 1984 7 21 8 42 107 2 23
Пассажирский 1984 7 21 8 58 117 1 14
Пассажирский 1984 7 21 9 7 118 0 19
Пассажирский 1984 7 21 9 9 109 1 9
Товарный 1984 7 21 9 42 103 1 20
Пассажирский 1984 8 10 4 33 102 0 22
Товарный 1984 8 10 4 39 120 1 22
Скорый 1984 8 10 5 55 120 2 13
Скорый 1984 8 10 6 4 117 1 12
Товарный 1984 8 10 6 54 99 2 15
Товарный 1984 8 10 7 5 105 0 2
Пассажирский 1984 8 10 7 11 108 1 23
Скорый 1984 8 10 7 18 123 0 8
Пассажирский 1984 8 10 7 27 100 2 22
Скорый 1984 8 10 7 41 103 0 5
Скорый 1984 8 10 7 50 123 1 12
Пассажирский 1984 8 10 8 5 106 1 19
Скорый 1984 8 10 8 7 110 0 18
Товарный 1984 8 10 8 11 105 0 0
Пассажирский 1984 8 10 9 3 107 0 16
Товарный 1984 8 11 4 7 118 0 13
Товарный 1984 8 11 4 20 119 0 3
Пассажирский 1984 8 11 4 26 117 2 2
Скорый 1984 8 11 4 36 103 1 18
Скорый 1984 8 11 5 3 110 2 13
Скорый 1984 8 11 5 7 107 1 8
Товарный 1984 8 11 6 0 99 1 21
Скорый 1984 8 11 6 0 113 1 5
Скорый 1984 8 11 6 5 99 0 8
Пассажирский 1984 8 11 7 3 102 2 6
Скорый 1984 8 11 7 19 118 0 23
Скорый 1984 8 11 7 26 110 1 4
Пассажирский 1984 8 11 7 45 111 0 7
Пассажирский 1984 8 11 7 50 105 2 19
Скорый 1984 8 11 7 51 102 2 18
Пассажирский 1984 8 11 8 5 108 2 9
Пассажирский 1984 8 11 8 16 116 2 9
Скорый 1984 8 11 8 31 105 0 10
Пассажирский 1984 8 11 8 31 122 0 1
Пассажирский 1984 8 11 9 18 112 2 4
Товарный 1984 8 11 9 52 119 2 11
Товарный 1984 8 12 5 18 122 1 19
Скорый 1984 8 12 5 21 102 1 13
Скорый 1984 8 12 6 2 105 1 2
Пассажирский 1984 8 12 6 11 108 0 12
Товарный 1984 8 12 6 35 105 1 19
Скорый 1984 8 12 7 32 99 2 13
Товарный 1984 8 12 8 11 110 1 11
Скорый 1984 8 12 8 24 101 1 6
Пассажирский 1984 8 12 8 27 119 0 12
Скорый 1984 8 12 9 41 99 2 4
Пассажирский 1984 8 12 9 48 123 2 17
Товарный 1984 8 12 9 54 112 0 5
Товарный 1984 8 13 4 58 113 0 22
Товарный 1984 8 13 5 10 118 0 14
Пассажирский 1984 8 13 6 17 117 2 1
Пассажирский 1984 8 13 6 19 109 0 17
Товарный 1984 8 13 6 23 117 0 1
Скорый 1984 8 13 7 22 116 2 5
Товарный 1984 8 13 7 39 104 1 9
Скорый 1984 8 13 7 43 101 1 21
Товарный 1984 8 13 7 46 112 1 23
Пассажирский 1984 8 13 7 56 99 2 23
Скорый 1984 8 13 8 25 99 2 17
Скорый 1984 8 13 8 48 117 1 2
Скорый 1984 8 13 8 51 113 2 5
Скорый 1984 8 13 9 25 106 0 17
Пассажирский 1984 8 13 9 36 110 0 9
Товарный 1984 8 14 5 9 123 1 8
Скорый 1984 8 14 5 35 118 0 12
Скорый 1984 8 14 6 26 113 2 22
Пассажирский 1984 8 14 6 59 107 1 8
Пассажирский 1984 8 14 7 35 109 1 12
Скорый 1984 8 14 7 40 116 1 10
Пассажирский 1984 8 14 8 33 107 1 5
Товарный 1984 8 14 8 47 104 1 18
Пассажирский 1984 8 14 8 53 118 0 4
Товарный 1984 8 14 8 56 119 0 0
Пассажирский 1984 8 14 9 21 119 0 5
Товарный 1984 8 14 9 22 103 0 0
Пассажирский 1984 8 14 9 31 120 0 6
Товарный 1984 8 14 9 37 114 0 13
Пассажирский 1984 8 14 9 46 117 0 0
Пассажирский 1984 8 14 9 56 112 1 2
Товарный 1984 8 15 4 21 117 1 12
Пассажирский 1984 8 15 4 28 123 2 20
Пассажирский 1984 8 15 6 8 108 1 6
Скорый 1984 8 15 6 15 110 2 16
Скорый 1984 8 15 6 39 100 0 5
Пассажирский 1984 8 15 7 5 104 1 19
Товарный 1984 8 15 7 54 118 1 3
Товарный 1984 8 15 8 6 106 1 10
Пассажирский 1984 8 15 8 25 106 1 18
Скорый 1984 8 15 8 30 118 1 17
Товарный 1984 8 15 8 38 119 2 13
Скорый 1984 8 15 8 43 103 1 4
Скорый 1984 8 15 8 44 114 1 16
Пассажирский 1984 8 15 8 51 120 0 11
Скорый 1984 8 15 8 51 122 1 21
Скорый 1984 8 15 9 4 114 1 19
Пассажирский 1984 8 15 9 12 101 1 22
Пассажирский 1984 8 15 9 23 112 1 10
Скорый 1984 8 15 9 31 99 0 23
Пассажирский 1984 8 16 4 3 105 1 7
Скорый 1984 8 16 4 22 113 0 20
Скорый 1984 8 16 4 24 104 2 14
Скорый 1984 8 16 4 26 119 2 0
Товарный 1984 8 16 4 59 110 2 22
Товарный 1984 8 16 5 56 121 2 3
Скорый 1984 8 16 6 19 109 1 20
Пассажирский 1984 8 16 6 56 116 1 14
Пассажирский 1984 8 16 7 40 117 0 12
Скорый 1984 8 16 7 56 118 0 21
Пассажирский 1984 8 16 8 12 103 2 16
Пассажирский 1984 8 16 8 15 116 2 11
Товарный 1984 8 16 8 22 122 1 12
Скорый 1984 8 16 8 31 112 2 15
Скорый 1984 8 16 8 46 121 0 15
Товарный 1984 8 16 8 55 105 1 23
Скорый 1984 8 16 9 2 111 0 0
Товарный 1984 8 16 9 10 117 0 0
Скорый 1984 8 16 9 24 113 0 21
Скорый 1984 8 16 9 32 109 1 8
Пассажирский 1984 8 16 9 57 103 0 5
Скорый 1984 8 17 4 4 114 0 16
Товарный 1984 8 17 4 26 121 2 12
Пассажирский 1984 8 17 5 19 105 1 12
Товарный 1984 8 17 5 34 113 1 12
Товарный 1984 8 17 5 53 111 1 18
Товарный 1984 8 17 6 12 115 0 11
Товарный 1984 8 17 7 6 116 1 3
Товарный 1984 8 17 7 20 108 0 13
Пассажирский 1984 8 17 7 24 113 0 22
Товарный 1984 8 17 7 25 119 2 19
Пассажирский 1984 8 17 7 41 108 0 21
Товарный 1984 8 17 7 51 123 2 21
Пассажирский 1984 8 17 8 11 117 1 1
Скорый 1984 8 17 8 19 121 2 6
Товарный 1984 8 17 8 42 103 0 5
Товарный 1984 8 17 8 58 112 1 15
Пассажирский 1984 8 17 9 33 106 2 21
Пассажирский 1984 8 17 9 33 114 2 20
Скорый 1984 8 18 4 4 100 0 22
Скорый 1984 8 18 4 8 113 1 7
Пассажирский 1984 8 18 4 9 107 0 18
Товарный 1984 8 18 4 15 108 1 20
Товарный 1984 8 18 4 20 116 1 20
Товарный 1984 8 18 5 27 105 0 7
Скорый 1984 8 18 5 32 109 1 16
Скорый 1984 8 18 5 38 118 1 22
Скорый 1984 8 18 5 42 112 0 14
Пассажирский 1984 8 18 5 51 119 0 0
Скорый 1984 8 18 6 7 104 1 5
Скорый 1984 8 18 6 30 110 0 22
Товарный 1984 8 18 7 46 115 0 7
Скорый 1984 8 18 7 53 108 0 15
Скорый 1984 8 18 7 53 117 0 9
Скорый 1984 8 18 8 12 102 2 21
Пассажирский 1984 8 18 8 37 116 1 16
Товарный 1984 8 18 8 40 104 0 12
Скорый 1984 8 18 8 45 118 2 20
Товарный 1984 8 18 8 49 109 0 18
Товарный 1984 8 18 9 12 123 2 14
Скорый 1984 8 18 9 34 109 2 0
Скорый 1984 8 19 4 7 108 0 16
Товарный 1984 8 19 4 15 118 0 9
Пассажирский 1984 8 19 5 6 121 0 2
Товарный 1984 8 19 5 7 106 0 18
Товарный 1984 8 19 5 21 109 1 17
Товарный 1984 8 19 5 24 103 2 23
Товарный 1984 8 19 5 27 113 0 19
Скорый 1984 8 19 6 29 101 2 16
Товарный 1984 8 19 6 42 121 0 21
Товарный 1984 8 19 7 27 123 0 20
Товарный 1984 8 19 7 30 115 0 22
Скорый 1984 8 19 7 57 107 0 2
Пассажирский 1984 8 19 8 3 117 2 18
Скорый 1984 8 19 8 33 121 1 16
Товарный 1984 8 19 8 43 123 1 1
Товарный 1984 8 19 8 52 105 0 17
Пассажирский 1984 8 19 8 58 112 1 1
Скорый 1984 8 19 9 7 116 2 1
Товарный 1984 8 19 9 14 120 0 12
Скорый 1984 8 19 9 19 105 1 14
Скорый 1984 8 19 9 31 110 2 16
Скорый 1984 8 19 9 39 113 2 10
Товарный 1984 8 20 4 0 106 2 20
Скорый 1984 8 20 4 11 109 1 7
Пассажирский 1984 8 20 4 41 104 2 3
Пассажирский 1984 8 20 4 53 104 0 17
Пассажирский 1984 8 20 5 16 101 0 15
Скорый 1984 8 20 5 16 115 0 10
Пассажирский 1984 8 20 6 2 109 1 8
Скорый 1984 8 20 6 36 104 2 18
Товарный 1984 8 20 6 36 106 1 8
Скорый 1984 8 20 6 37 119 1 3
Пассажирский 1984 8 20 6 48 107 1 1
Пассажирский 1984 8 20 6 51 109 1 20
Скорый 1984 8 20 6 55 112 0 23
Скорый 1984 8 20 7 13 101 1 1
Пассажирский 1984 8 20 7 57 111 2 5
Скорый 1984 8 20 8 0 113 2 1
Скорый 1984 8 20 8 18 99 0 14
Товарный 1984 8 20 8 54 109 2 6
Пассажирский 1984 8 20 9 9 101 0 10
Скорый 1984 8 20 9 17 102 2 18
Товарный 1984 8 20 9 18 109 0 5
Товарный 1984 8 20 9 29 101 0 10
Скорый 1984 8 20 9 33 121 0 19
Товарный 1984 8 21 4 5 106 0 20
Пассажирский 1984 8 21 4 15 120 1 21
Скорый 1984 8 21 4 23 121 0 6
Пассажирский 1984 8 21 4 29 122 2 11
Скорый 1984 8 21 5 24 108 2 9
Товарный 1984 8 21 5 43 101 1 6
Скорый 1984 8 21 5 55 107 1 20
Скорый 1984 8 21 6 5 119 0 15
Пассажирский 1984 8 21 6 5 120 2 7
Товарный 1984 8 21 6 17 120 0 14
Пассажирский 1984 8 21 6 52 100 2 1
Товарный 1984 8 21 7 1 110 0 2
Пассажирский 1984 8 21 7 10 108 2 15
Скорый 1984 8 21 7 41 107 1 2
Пассажирский 1984 8 21 7 42 108 1 8
Пассажирский 1984 8 21 7 52 111 1 9
Скорый 1984 8 21 8 1 115 1 11
Пассажирский 1984 8 21 8 27 114 2 17
Товарный 1984 8 21 8 30 106 0 23
Товарный 1984 8 21 8 43 104 2 23
Товарный 1984 8 21 8 47 110 1 12
Товарный 1984 8 21 8 50 116 0 7
Скорый 1984 8 21 9 6 101 1 9
